     Results                                                                                                                                               Time(s)   
p1  13344                                                                                                                                                 0.006557  
     1 1 1 1 1 1 0 0 0 0 
     5 3 5 3 2 3 6 1 4 1 2 4 5 1 5 5 3 1 3 1 6 4 4 5 5 3 6 5 6 1 4 6 3 2 4 6 6 4 5 5 1 2 2 3 2 4 1 3 5 6 
p2  12461                                                                                                                                                 0.005285  
     1 1 1 1 1 1 0 0 0 0 
     5 3 5 3 2 3 6 1 4 1 2 4 5 1 5 5 3 1 3 1 6 4 4 5 5 3 6 5 6 1 4 6 3 2 4 6 6 4 5 5 1 2 2 3 2 4 1 3 5 6 
p3  13661                                                                                                                                                 0.004835  
     1 1 1 1 1 1 0 0 0 0 
     5 3 5 3 2 3 6 1 4 1 2 4 5 1 5 5 3 1 3 1 6 4 4 5 5 3 6 5 6 1 4 6 3 2 4 6 6 4 5 5 1 2 2 3 2 4 1 3 5 6 
p4  14861                                                                                                                                                 0.004304  
     1 1 1 1 1 1 0 0 0 0 
     5 3 5 3 2 3 6 1 4 1 2 4 5 1 5 5 3 1 3 1 6 4 4 5 5 3 6 5 6 1 4 6 3 2 4 6 6 4 5 5 1 2 2 3 2 4 1 3 5 6 
p5  13226                                                                                                                                                 0.005270  
     1 1 1 1 1 1 1 1 0 0 
     2 3 7 3 2 3 6 1 8 1 2 4 5 1 7 5 3 1 3 6 7 4 4 5 5 8 6 5 8 4 4 8 3 2 4 8 7 4 6 5 1 2 2 8 2 8 1 6 5 7 
p6  11938                                                                                                                                                 0.005128  
     1 1 1 1 1 1 1 1 0 0 
     2 3 7 3 2 3 6 1 8 1 2 4 5 1 7 5 3 1 3 6 7 4 4 5 5 8 6 5 8 4 4 8 3 2 4 8 7 4 6 5 1 2 2 8 2 8 1 6 5 7 
p7  13538                                                                                                                                                 0.004788  
     1 1 1 1 1 1 1 1 0 0 
     2 3 7 3 2 3 6 1 8 1 2 4 5 1 7 5 3 1 3 6 7 4 4 5 5 8 6 5 8 4 4 8 3 2 4 8 7 4 6 5 1 2 2 8 2 8 1 6 5 7 
p8  15138                                                                                                                                                 0.004353  
     1 1 1 1 1 1 1 1 0 0 
     2 3 7 3 2 3 6 1 8 1 2 4 5 1 7 5 3 1 3 6 7 4 4 5 5 8 6 5 8 4 4 8 3 2 4 8 7 4 6 5 1 2 2 8 2 8 1 6 5 7 
p9  13928                                                                                                                                                 0.005966  
     1 1 1 1 1 1 0 0 0 0 
     2 2 5 3 2 3 5 1 4 1 2 4 4 1 1 3 3 1 3 1 2 4 2 5 5 3 5 5 4 1 4 5 3 2 4 6 4 4 5 5 1 2 2 3 2 4 1 3 1 4 
p10 13045                                                                                                                                                 0.005199  
     1 1 1 1 1 1 0 0 0 0 
     2 2 5 3 2 3 5 1 4 1 2 4 4 1 1 3 3 1 3 1 2 4 2 5 5 3 5 5 4 1 4 5 3 2 4 6 4 4 5 5 1 2 2 3 2 4 1 3 1 4 
p11 14245                                                                                                                                                 0.004452  
     1 1 1 1 1 1 0 0 0 0 
     2 2 5 3 2 3 5 1 4 1 2 4 4 1 1 3 3 1 3 1 2 4 2 5 5 3 5 5 4 1 4 5 3 2 4 6 4 4 5 5 1 2 2 3 2 4 1 3 1 4 
p12 15445                                                                                                                                                 0.004518  
     1 1 1 1 1 1 0 0 0 0 
     2 2 5 3 2 3 5 1 4 1 2 4 4 1 1 3 3 1 3 1 2 4 2 5 5 3 5 5 4 1 4 5 3 2 4 6 4 4 5 5 1 2 2 3 2 4 1 3 1 4 
p13 12762                                                                                                                                                 0.005286  
     1 1 1 1 1 1 1 1 0 0 0 0 0 0 0 0 0 0 0 0 
     8 3 2 3 5 6 4 6 3 5 7 4 8 7 8 4 5 8 4 2 8 8 5 4 6 3 8 7 6 5 2 1 7 5 1 6 1 7 1 4 1 7 2 3 5 5 4 6 3 3 
p14 11474                                                                                                                                                 0.006145  
     1 1 1 1 1 1 1 1 0 0 0 0 0 0 0 0 0 0 0 0 
     8 3 2 3 5 6 4 6 3 5 7 4 8 7 8 4 5 8 4 2 8 8 5 4 6 3 8 7 6 5 2 1 7 5 1 6 1 7 1 4 1 7 2 3 5 5 4 6 3 3 
p15 13074                                                                                                                                                 0.005112  
     1 1 1 1 1 1 1 1 0 0 0 0 0 0 0 0 0 0 0 0 
     8 3 2 3 5 6 4 6 3 5 7 4 8 7 8 4 5 8 4 2 8 8 5 4 6 3 8 7 6 5 2 1 7 5 1 6 1 7 1 4 1 7 2 3 5 5 4 6 3 3 
p16 14674                                                                                                                                                 0.005674  
     1 1 1 1 1 1 1 1 0 0 0 0 0 0 0 0 0 0 0 0 
     8 3 2 3 5 6 4 6 3 5 7 4 8 7 8 4 5 8 4 2 8 8 5 4 6 3 8 7 6 5 2 1 7 5 1 6 1 7 1 4 1 7 2 3 5 5 4 6 3 3 
p17 12305                                                                                                                                                 0.005212  
     1 1 1 1 1 1 1 1 0 0 0 0 0 0 0 0 0 0 0 0 
     8 3 2 3 5 6 4 6 3 5 7 4 8 7 4 4 5 8 1 2 8 8 5 4 6 3 8 4 6 5 2 1 7 5 1 6 1 7 1 2 1 7 2 3 7 6 4 6 3 3 
p18 11017                                                                                                                                                 0.019135  
     1 1 1 1 1 1 1 1 0 0 0 0 0 0 0 0 0 0 0 0 
     8 3 2 3 5 6 4 6 3 5 7 4 8 7 4 4 5 8 1 2 8 8 5 4 6 3 8 4 6 5 2 1 7 5 1 6 1 7 1 2 1 7 2 3 7 6 4 6 3 3 
p19 12617                                                                                                                                                 0.005365  
     1 1 1 1 1 1 1 1 0 0 0 0 0 0 0 0 0 0 0 0 
     8 3 2 3 5 6 4 6 3 5 7 4 8 7 4 4 5 8 1 2 8 8 5 4 6 3 8 4 6 5 2 1 7 5 1 6 1 7 1 2 1 7 2 3 7 6 4 6 3 3 
p20 14217                                                                                                                                                 0.005169  
     1 1 1 1 1 1 1 1 0 0 0 0 0 0 0 0 0 0 0 0 
     8 3 2 3 5 6 4 6 3 5 7 4 8 7 4 4 5 8 1 2 8 8 5 4 6 3 8 4 6 5 2 1 7 5 1 6 1 7 1 2 1 7 2 3 7 6 4 6 3 3 
p21 12772                                                                                                                                                 0.005193  
     1 1 1 1 1 1 1 0 0 0 0 0 0 0 0 0 0 0 0 0 
     1 3 2 3 5 6 4 6 3 5 6 4 6 6 4 4 5 1 1 2 6 6 5 4 6 3 7 4 6 5 2 1 4 5 1 2 1 4 1 2 1 3 2 3 5 5 3 4 2 3 
p22 11733                                                                                                                                                 0.004963  
     1 1 1 1 1 1 1 0 0 0 0 0 0 0 0 0 0 0 0 0 
     1 3 2 3 5 6 4 6 3 5 6 4 6 6 4 4 5 1 1 2 6 6 5 4 6 3 7 4 6 5 2 1 4 5 1 2 1 4 1 2 1 3 2 3 5 5 3 4 2 3 
p23 13133                                                                                                                                                 0.006831  
     1 1 1 1 1 1 1 0 0 0 0 0 0 0 0 0 0 0 0 0 
     1 3 2 3 5 6 4 6 3 5 6 4 6 6 4 4 5 1 1 2 6 6 5 4 6 3 7 4 6 5 2 1 4 5 1 2 1 4 1 2 1 3 2 3 5 5 3 4 2 3 
p24 14533                                                                                                                                                 0.004798  
     1 1 1 1 1 1 1 0 0 0 0 0 0 0 0 0 0 0 0 0 
     1 3 2 3 5 6 4 6 3 5 6 4 6 6 4 4 5 1 1 2 6 6 5 4 6 3 7 4 6 5 2 1 4 5 1 2 1 4 1 2 1 3 2 3 5 5 3 4 2 3 
p25 53793                                                                                                                                                 0.010716  
     1 1 1 1 1 1 1 1 0 0 0 0 0 0 0 0 0 0 0 0 0 0 0 0 0 0 0 0 0 0 
     2 1 1 1 4 5 6 7 6 2 4 4 4 1 2 5 4 4 5 5 5 1 4 4 5 2 1 2 2 1 1 3 8 6 2 2 1 4 3 4 1 5 4 5 2 5 1 4 2 5 8 8 8 6 6 2 1 4 4 3 8 8 8 6 6 1 3 7 6 2 4 4 4 1 2 7 8 7 6 5 3 3 8 6 2 2 1 4 1 2 5 6 8 6 2 4 4 4 3 2 1 3 7 5 2 5 1 4 5 5 5 1 7 6 5 5 8 7 6 5 5 1 2 2 5 2 1 4 4 3 7 8 7 6 6 2 1 4 4 3 5 6 7 5 2 5 1 4 4 5 
p26 53148                                                                                                                                                 0.009091  
     1 1 1 1 1 1 1 1 0 0 0 0 0 0 0 0 0 0 0 0 0 0 0 0 0 0 0 0 0 0 
     2 1 1 1 4 5 6 7 6 2 4 4 4 1 2 5 4 4 5 5 5 1 4 4 5 2 1 2 2 1 1 3 8 6 2 2 1 4 3 4 1 5 4 5 2 5 1 4 2 5 8 8 8 6 6 2 1 4 4 3 8 8 8 6 6 1 3 7 6 2 4 4 4 1 2 7 8 7 6 5 3 3 8 6 2 2 1 4 1 2 5 6 8 6 2 4 4 4 3 2 1 3 7 5 2 5 1 4 5 5 5 1 7 6 5 5 8 7 6 5 5 1 2 2 5 2 1 4 4 3 7 8 7 6 6 2 1 4 4 3 5 6 7 5 2 5 1 4 4 5 
p27 54748                                                                                                                                                 0.008248  
     1 1 1 1 1 1 1 1 0 0 0 0 0 0 0 0 0 0 0 0 0 0 0 0 0 0 0 0 0 0 
     2 1 1 1 4 5 6 7 6 2 4 4 4 1 2 5 4 4 5 5 5 1 4 4 5 2 1 2 2 1 1 3 8 6 2 2 1 4 3 4 1 5 4 5 2 5 1 4 2 5 8 8 8 6 6 2 1 4 4 3 8 8 8 6 6 1 3 7 6 2 4 4 4 1 2 7 8 7 6 5 3 3 8 6 2 2 1 4 1 2 5 6 8 6 2 4 4 4 3 2 1 3 7 5 2 5 1 4 5 5 5 1 7 6 5 5 8 7 6 5 5 1 2 2 5 2 1 4 4 3 7 8 7 6 6 2 1 4 4 3 5 6 7 5 2 5 1 4 4 5 
p28 56348                                                                                                                                                 0.009303  
     1 1 1 1 1 1 1 1 0 0 0 0 0 0 0 0 0 0 0 0 0 0 0 0 0 0 0 0 0 0 
     2 1 1 1 4 5 6 7 6 2 4 4 4 1 2 5 4 4 5 5 5 1 4 4 5 2 1 2 2 1 1 3 8 6 2 2 1 4 3 4 1 5 4 5 2 5 1 4 2 5 8 8 8 6 6 2 1 4 4 3 8 8 8 6 6 1 3 7 6 2 4 4 4 1 2 7 8 7 6 5 3 3 8 6 2 2 1 4 1 2 5 6 8 6 2 4 4 4 3 2 1 3 7 5 2 5 1 4 5 5 5 1 7 6 5 5 8 7 6 5 5 1 2 2 5 2 1 4 4 3 7 8 7 6 6 2 1 4 4 3 5 6 7 5 2 5 1 4 4 5 
p29 30831                                                                                                                                                 0.008836  
     1 1 1 1 1 1 1 1 1 1 1 0 0 0 0 0 0 0 0 0 0 0 0 0 0 0 0 0 0 0 
     2 1 1 3 3 5 10 9 8 5 4 9 7 1 2 5 9 9 6 5 7 9 7 6 5 6 1 2 4 3 3 3 10 8 5 5 1 4 3 5 3 6 9 7 2 7 1 7 2 6 11 10 10 8 10 2 1 4 4 3 11 10 9 8 8 1 3 10 8 2 4 6 9 5 2 11 8 7 6 8 3 3 9 8 2 4 4 4 1 5 5 10 10 8 2 5 9 7 3 5 1 3 10 8 2 7 1 7 6 6 10 8 7 6 6 7 9 9 8 6 7 1 7 2 6 2 1 4 4 3 11 10 9 8 8 2 1 4 4 3 5 10 9 8 2 7 1 7 6 6 
p30 29566                                                                                                                                                 0.009567  
     1 1 1 1 1 1 1 1 1 1 1 0 0 0 0 0 0 0 0 0 0 0 0 0 0 0 0 0 0 0 
     2 1 1 3 3 5 10 9 8 5 4 9 7 1 2 5 9 9 6 5 7 9 7 6 5 6 1 2 4 3 3 3 10 8 5 5 1 4 3 5 3 6 9 7 2 7 1 7 2 6 11 10 10 8 10 2 1 4 4 3 11 10 9 8 8 1 3 10 8 2 4 6 9 5 2 11 8 7 6 8 3 3 9 8 2 4 4 4 1 5 5 10 10 8 2 5 9 7 3 5 1 3 10 8 2 7 1 7 6 6 10 8 7 6 6 7 9 9 8 6 7 1 7 2 6 2 1 4 4 3 11 10 9 8 8 2 1 4 4 3 5 10 9 8 2 7 1 7 6 6 
p31 31766                                                                                                                                                 0.009178  
     1 1 1 1 1 1 1 1 1 1 1 0 0 0 0 0 0 0 0 0 0 0 0 0 0 0 0 0 0 0 
     2 1 1 3 3 5 10 9 8 5 4 9 7 1 2 5 9 9 6 5 7 9 7 6 5 6 1 2 4 3 3 3 10 8 5 5 1 4 3 5 3 6 9 7 2 7 1 7 2 6 11 10 10 8 10 2 1 4 4 3 11 10 9 8 8 1 3 10 8 2 4 6 9 5 2 11 8 7 6 8 3 3 9 8 2 4 4 4 1 5 5 10 10 8 2 5 9 7 3 5 1 3 10 8 2 7 1 7 6 6 10 8 7 6 6 7 9 9 8 6 7 1 7 2 6 2 1 4 4 3 11 10 9 8 8 2 1 4 4 3 5 10 9 8 2 7 1 7 6 6 
p32 33966                                                                                                                                                 0.009221  
     1 1 1 1 1 1 1 1 1 1 1 0 0 0 0 0 0 0 0 0 0 0 0 0 0 0 0 0 0 0 
     2 1 1 3 3 5 10 9 8 5 4 9 7 1 2 5 9 9 6 5 7 9 7 6 5 6 1 2 4 3 3 3 10 8 5 5 1 4 3 5 3 6 9 7 2 7 1 7 2 6 11 10 10 8 10 2 1 4 4 3 11 10 9 8 8 1 3 10 8 2 4 6 9 5 2 11 8 7 6 8 3 3 9 8 2 4 4 4 1 5 5 10 10 8 2 5 9 7 3 5 1 3 10 8 2 7 1 7 6 6 10 8 7 6 6 7 9 9 8 6 7 1 7 2 6 2 1 4 4 3 11 10 9 8 8 2 1 4 4 3 5 10 9 8 2 7 1 7 6 6 
p33 46360                                                                                                                                                 0.009067  
     1 1 1 1 1 1 1 1 0 0 0 0 0 0 0 0 0 0 0 0 0 0 0 0 0 0 0 0 0 0 
     2 1 1 3 3 5 8 7 6 5 4 4 4 1 2 5 8 7 6 5 5 1 4 5 5 2 1 2 4 1 1 3 8 6 2 4 1 4 3 5 1 3 7 5 2 7 1 7 2 5 8 8 8 8 8 2 1 4 3 3 7 8 8 6 6 1 3 7 6 2 4 5 6 1 2 7 7 7 6 6 3 3 7 6 2 2 1 4 1 5 3 3 7 6 2 4 6 4 3 2 1 3 3 6 2 5 1 7 6 5 7 1 7 6 6 5 8 7 6 5 5 1 2 2 5 2 1 4 4 3 7 8 7 6 6 2 1 4 4 3 3 3 7 6 2 5 1 4 4 5 
p34 45715                                                                                                                                                 0.009426  
     1 1 1 1 1 1 1 1 0 0 0 0 0 0 0 0 0 0 0 0 0 0 0 0 0 0 0 0 0 0 
     2 1 1 3 3 5 8 7 6 5 4 4 4 1 2 5 8 7 6 5 5 1 4 5 5 2 1 2 4 1 1 3 8 6 2 4 1 4 3 5 1 3 7 5 2 7 1 7 2 5 8 8 8 8 8 2 1 4 3 3 7 8 8 6 6 1 3 7 6 2 4 5 6 1 2 7 7 7 6 6 3 3 7 6 2 2 1 4 1 5 3 3 7 6 2 4 6 4 3 2 1 3 3 6 2 5 1 7 6 5 7 1 7 6 6 5 8 7 6 5 5 1 2 2 5 2 1 4 4 3 7 8 7 6 6 2 1 4 4 3 3 3 7 6 2 5 1 4 4 5 
p35 47315                                                                                                                                                 0.008613  
     1 1 1 1 1 1 1 1 0 0 0 0 0 0 0 0 0 0 0 0 0 0 0 0 0 0 0 0 0 0 
     2 1 1 3 3 5 8 7 6 5 4 4 4 1 2 5 8 7 6 5 5 1 4 5 5 2 1 2 4 1 1 3 8 6 2 4 1 4 3 5 1 3 7 5 2 7 1 7 2 5 8 8 8 8 8 2 1 4 3 3 7 8 8 6 6 1 3 7 6 2 4 5 6 1 2 7 7 7 6 6 3 3 7 6 2 2 1 4 1 5 3 3 7 6 2 4 6 4 3 2 1 3 3 6 2 5 1 7 6 5 7 1 7 6 6 5 8 7 6 5 5 1 2 2 5 2 1 4 4 3 7 8 7 6 6 2 1 4 4 3 3 3 7 6 2 5 1 4 4 5 
p36 48915                                                                                                                                                 0.009340  
     1 1 1 1 1 1 1 1 0 0 0 0 0 0 0 0 0 0 0 0 0 0 0 0 0 0 0 0 0 0 
     2 1 1 3 3 5 8 7 6 5 4 4 4 1 2 5 8 7 6 5 5 1 4 5 5 2 1 2 4 1 1 3 8 6 2 4 1 4 3 5 1 3 7 5 2 7 1 7 2 5 8 8 8 8 8 2 1 4 3 3 7 8 8 6 6 1 3 7 6 2 4 5 6 1 2 7 7 7 6 6 3 3 7 6 2 2 1 4 1 5 3 3 7 6 2 4 6 4 3 2 1 3 3 6 2 5 1 7 6 5 7 1 7 6 6 5 8 7 6 5 5 1 2 2 5 2 1 4 4 3 7 8 7 6 6 2 1 4 4 3 3 3 7 6 2 5 1 4 4 5 
p37 59888                                                                                                                                                 0.008485  
     1 1 1 1 1 1 0 0 0 0 0 0 0 0 0 0 0 0 0 0 0 0 0 0 0 0 0 0 0 0 
     2 1 1 1 2 3 3 4 5 2 3 1 4 1 2 3 1 4 4 2 3 1 4 3 2 2 1 2 2 1 1 3 5 5 2 2 1 4 1 2 1 3 4 4 2 5 1 4 2 5 5 3 6 5 5 2 1 2 3 1 5 5 5 5 5 1 3 4 4 2 3 3 4 1 2 5 4 4 2 5 3 3 5 5 2 2 1 1 1 2 3 3 5 5 2 3 1 4 1 2 1 3 3 4 2 5 1 4 4 4 5 1 4 4 5 5 3 4 5 5 4 1 2 2 3 2 1 4 3 3 5 5 5 5 5 2 1 4 3 2 1 3 4 4 2 4 1 4 4 3 
p38 59224                                                                                                                                                 0.009234  
     1 1 1 1 1 1 0 0 0 0 0 0 0 0 0 0 0 0 0 0 0 0 0 0 0 0 0 0 0 0 
     2 1 1 1 2 3 3 4 5 2 3 1 4 1 2 3 1 4 4 2 3 1 4 3 2 2 1 2 2 1 1 3 5 5 2 2 1 4 1 2 1 3 4 4 2 5 1 4 2 5 5 3 6 5 5 2 1 2 3 1 5 5 5 5 5 1 3 4 4 2 3 3 4 1 2 5 4 4 2 5 3 3 5 5 2 2 1 1 1 2 3 3 5 5 2 3 1 4 1 2 1 3 3 4 2 5 1 4 4 4 5 1 4 4 5 5 3 4 5 5 4 1 2 2 3 2 1 4 3 3 5 5 5 5 5 2 1 4 3 2 1 3 4 4 2 4 1 4 4 3 
p39 60424                                                                                                                                                 0.008763  
     1 1 1 1 1 1 0 0 0 0 0 0 0 0 0 0 0 0 0 0 0 0 0 0 0 0 0 0 0 0 
     2 1 1 1 2 3 3 4 5 2 3 1 4 1 2 3 1 4 4 2 3 1 4 3 2 2 1 2 2 1 1 3 5 5 2 2 1 4 1 2 1 3 4 4 2 5 1 4 2 5 5 3 6 5 5 2 1 2 3 1 5 5 5 5 5 1 3 4 4 2 3 3 4 1 2 5 4 4 2 5 3 3 5 5 2 2 1 1 1 2 3 3 5 5 2 3 1 4 1 2 1 3 3 4 2 5 1 4 4 4 5 1 4 4 5 5 3 4 5 5 4 1 2 2 3 2 1 4 3 3 5 5 5 5 5 2 1 4 3 2 1 3 4 4 2 4 1 4 4 3 
p40 61624                                                                                                                                                 0.008666  
     1 1 1 1 1 1 0 0 0 0 0 0 0 0 0 0 0 0 0 0 0 0 0 0 0 0 0 0 0 0 
     2 1 1 1 2 3 3 4 5 2 3 1 4 1 2 3 1 4 4 2 3 1 4 3 2 2 1 2 2 1 1 3 5 5 2 2 1 4 1 2 1 3 4 4 2 5 1 4 2 5 5 3 6 5 5 2 1 2 3 1 5 5 5 5 5 1 3 4 4 2 3 3 4 1 2 5 4 4 2 5 3 3 5 5 2 2 1 1 1 2 3 3 5 5 2 3 1 4 1 2 1 3 3 4 2 5 1 4 4 4 5 1 4 4 5 5 3 4 5 5 4 1 2 2 3 2 1 4 3 3 5 5 5 5 5 2 1 4 3 2 1 3 4 4 2 4 1 4 4 3 
p41 12280                                                                                                                                                 0.005359  
     1 1 1 1 1 0 0 0 0 0 
     3 5 3 2 4 4 4 1 4 3 4 1 5 5 1 3 3 4 4 3 5 5 1 3 4 5 2 5 5 5 5 3 4 4 4 3 3 1 3 2 4 3 3 1 4 1 4 3 3 3 3 4 3 3 2 3 1 4 4 2 3 3 3 4 3 5 5 2 3 4 4 1 3 5 5 1 3 4 4 4 4 2 2 4 5 3 3 4 3 1 
p42 10292                                                                                                                                                 0.005736  
     1 1 1 1 1 0 0 0 0 0 0 0 0 0 0 0 0 0 0 0 
     5 4 1 5 5 4 1 4 1 4 3 3 1 3 2 1 3 3 3 3 3 1 4 4 4 4 4 5 5 5 1 5 3 3 3 1 3 3 4 3 2 3 4 4 1 2 2 1 1 4 2 1 3 4 3 3 2 1 4 4 4 4 4 5 1 4 1 4 3 4 3 3 3 4 4 4 4 4 4 5 
p43 9536                                                                                                                                                  0.006205  
     1 1 1 1 1 0 0 0 0 0 0 0 0 0 0 0 0 0 0 0 0 0 0 0 0 0 0 0 0 0 
     3 4 3 3 3 1 3 4 3 3 5 4 1 3 1 4 3 1 2 4 4 4 4 3 5 4 5 4 1 4 3 5 3 3 4 3 5 4 5 3 4 4 1 4 3 3 1 4 4 2 4 3 3 1 1 3 4 2 1 1 3 3 4 1 3 2 4 3 4 3 
p44 15380                                                                                                                                                 0.005037  
     1 1 1 1 1 1 0 0 0 0 
     4 1 6 5 2 3 5 4 5 6 5 1 5 3 5 5 4 3 6 6 4 1 5 5 3 5 4 4 5 5 2 5 4 3 3 4 1 4 6 4 1 3 4 1 5 3 3 5 4 5 3 1 3 1 5 3 3 6 3 2 5 4 5 4 3 3 5 3 1 1 3 1 5 5 3 5 3 4 3 4 3 5 5 4 4 4 4 3 2 2 
p45 14444                                                                                                                                                 0.005580  
     1 1 1 1 1 0 0 0 0 0 0 0 0 0 0 0 0 0 0 0 
     1 5 5 3 4 5 4 3 5 1 1 1 5 1 1 1 5 2 3 4 3 5 5 4 3 5 4 3 4 5 4 3 4 3 2 1 5 1 4 2 5 5 4 2 5 3 3 1 5 3 2 1 4 4 3 3 4 3 3 4 2 5 5 3 3 4 3 3 4 3 3 4 2 5 4 3 1 5 4 3 
p46 13672                                                                                                                                                 0.005784  
     1 1 1 1 1 0 0 0 0 0 0 0 0 0 0 0 0 0 0 0 0 0 0 0 0 0 0 0 0 0 
     1 3 3 5 4 4 2 4 4 3 2 3 5 5 5 4 4 4 3 5 4 3 1 3 5 1 1 3 4 4 1 3 2 3 2 4 5 1 4 1 4 4 3 3 3 4 4 3 3 5 5 2 5 4 2 4 5 4 4 3 5 3 2 3 2 3 4 1 3 1 
p47 16047                                                                                                                                                 0.005768  
     1 1 1 1 1 1 0 0 0 0 
     1 2 1 4 3 5 5 4 2 3 1 3 4 4 5 5 5 4 3 3 1 3 2 3 5 4 4 4 4 2 1 3 3 5 5 6 3 4 2 3 1 1 1 4 5 4 5 4 4 3 1 5 5 6 3 5 3 4 2 3 1 3 4 5 6 5 6 5 5 3 1 5 3 4 3 5 4 5 3 3 1 1 3 4 5 5 5 5 4 2 
p48 14260                                                                                                                                                 0.005476  
     1 1 1 1 1 0 0 0 0 0 0 0 0 0 0 0 0 0 0 0 
     1 3 5 1 1 1 5 1 3 3 5 5 3 3 5 5 3 1 2 5 3 1 2 5 4 3 2 5 4 3 4 5 4 3 1 5 4 3 1 5 5 5 3 4 4 4 3 4 4 4 3 4 3 3 3 4 5 5 4 2 5 5 5 2 3 4 5 3 3 4 5 1 3 5 5 5 1 4 5 5 
p49 11465                                                                                                                                                 0.005718  
     1 1 1 1 1 0 0 0 0 0 0 0 0 0 0 0 0 0 0 0 0 0 0 0 0 0 0 0 0 0 
     1 4 2 4 3 3 3 3 5 4 4 3 1 4 2 2 3 1 3 4 4 4 3 5 1 5 4 4 3 1 3 3 3 4 3 3 1 4 5 5 4 1 3 2 3 3 2 4 3 5 5 4 5 1 5 3 3 4 1 5 2 4 3 3 5 3 5 3 4 4 
p50 16433                                                                                                                                                 0.007093  
     1 1 1 1 1 0 0 0 0 0 
     2 3 1 4 4 3 5 3 4 4 4 3 5 5 4 3 5 4 3 1 5 3 5 5 4 2 5 4 3 3 1 5 4 3 5 1 5 4 1 4 3 2 4 3 5 3 5 3 4 4 5 3 5 5 4 2 4 4 2 4 2 3 1 5 4 3 5 3 4 4 1 5 4 1 5 2 3 4 4 4 1 5 4 5 5 3 5 4 4 4 2 3 5 5 2 3 1 3 3 1 
p51 18531                                                                                                                                                 0.015341  
     1 1 1 1 1 0 0 0 0 0 0 0 0 0 0 0 0 0 0 0 
     2 1 1 5 4 1 4 5 3 3 5 4 4 3 3 3 4 5 5 4 4 5 4 5 3 3 4 4 3 2 2 1 3 5 3 1 4 5 3 3 5 4 5 3 3 1 4 5 5 4 3 1 5 5 4 4 4 5 5 4 4 5 4 1 3 4 5 2 1 3 3 1 5 5 4 1 4 5 3 1 5 5 4 5 3 1 4 5 5 4 4 5 3 5 3 1 4 5 5 1 
p52 21388                                                                                                                                                 0.013430  
     1 1 1 1 1 1 0 0 0 0 
     5 5 5 6 5 3 4 6 3 4 5 6 5 5 5 4 4 6 1 1 5 5 6 5 5 3 4 6 5 4 5 3 4 6 5 2 4 4 2 4 5 3 4 6 5 3 4 3 2 4 6 5 4 5 5 3 2 4 3 1 5 5 6 5 1 3 1 6 1 3 3 4 6 5 4 3 1 3 5 3 6 5 3 6 5 3 3 4 3 1 5 5 4 1 4 4 2 1 1 1 
p53 21092                                                                                                                                                 0.015974  
     1 1 1 1 1 1 0 0 0 0 0 0 0 0 0 0 0 0 0 0 
     6 5 5 4 3 5 4 5 4 2 6 4 5 2 1 5 3 5 3 3 5 4 5 4 3 3 6 4 1 1 3 5 5 4 3 5 4 5 4 2 6 5 5 4 3 6 4 4 2 1 5 6 5 4 3 6 4 5 3 3 6 1 5 3 3 6 3 5 3 3 5 6 5 1 1 6 4 5 2 3 3 6 4 1 3 5 6 4 1 1 5 6 1 1 1 5 4 5 4 2 
p54 18765                                                                                                                                                 0.006195  
     1 1 1 1 1 1 1 0 0 0 
     3 7 4 6 3 5 3 2 3 5 3 5 1 4 3 5 4 5 6 6 3 1 3 4 4 7 5 5 5 5 4 5 3 3 3 2 4 5 6 6 3 7 3 6 4 5 4 4 3 1 4 7 4 6 3 5 2 4 5 6 4 7 3 5 1 3 1 2 5 6 1 5 3 6 5 7 4 5 5 5 4 7 3 4 1 2 4 5 6 6 1 4 3 6 5 7 4 5 3 1 
p55 14000                                                                                                                                                 0.007754  
     1 1 1 1 1 1 1 0 0 0 0 0 0 0 0 0 0 0 0 0 
     5 3 1 4 6 4 1 5 5 7 3 2 5 5 6 5 4 4 4 6 3 3 5 5 6 3 5 5 5 3 4 2 3 5 7 5 4 1 1 6 3 3 5 5 6 4 6 4 2 3 5 4 1 2 6 5 4 3 1 6 4 1 5 5 7 4 6 4 4 3 5 2 3 5 7 3 6 5 4 3 3 3 6 5 6 1 3 7 5 4 1 4 7 5 4 5 3 1 4 6 
p56 35172                                                                                                                                                 0.015213  
     1 1 1 1 1 1 1 1 1 1 1 1 1 1 1 1 1 0 0 0 0 0 0 0 0 0 0 0 0 0 
     10 15 2 5 7 2 9 4 7 11 10 5 1 13 4 3 8 13 7 6 13 15 5 6 14 9 17 1 4 13 5 14 8 4 3 12 8 16 6 10 2 1 9 2 4 16 4 11 1 1 4 13 16 5 16 5 15 6 13 2 13 7 4 15 14 13 6 3 7 5 16 4 3 9 15 7 10 4 1 14 6 6 6 8 8 16 5 3 7 6 10 4 1 9 8 14 15 9 12 4 7 10 15 12 12 8 2 12 8 10 8 2 10 2 8 12 2 7 12 4 1 11 11 13 11 12 15 2 6 3 11 11 13 10 16 5 6 6 13 2 3 4 15 12 7 7 2 9 11 10 9 12 16 13 5 14 1 13 12 8 4 9 15 14 7 1 3 14 16 14 3 3 16 12 11 8 3 11 14 5 4 5 15 7 11 12 15 2 10 14 1 1 13 10 9 11 5 2 16 9 
p57 40272                                                                                                                                                 0.012894  
     1 1 1 1 1 1 1 1 1 1 1 1 1 1 1 1 1 0 0 0 0 0 0 0 0 0 0 0 0 0 
     10 15 2 5 7 2 9 4 7 11 10 5 1 13 4 3 8 13 7 6 13 15 5 6 14 9 17 1 4 13 5 14 8 4 3 12 8 16 6 10 2 1 9 2 4 16 4 11 1 1 4 13 16 5 16 5 15 6 13 2 13 7 4 15 14 13 6 3 7 5 16 4 3 9 15 7 10 4 1 14 6 6 6 8 8 16 5 3 7 6 10 4 1 9 8 14 15 9 12 4 7 10 15 12 12 8 2 12 8 10 8 2 10 2 8 12 2 7 12 4 1 11 11 13 11 12 15 2 6 3 11 11 13 10 16 5 6 6 13 2 3 4 15 12 7 7 2 9 11 10 9 12 16 13 5 14 1 13 12 8 4 9 15 14 7 1 3 14 16 14 3 3 16 12 11 8 3 11 14 5 4 5 15 7 11 12 15 2 10 14 1 1 13 10 9 11 5 2 16 9 
p58 52172                                                                                                                                                 0.013284  
     1 1 1 1 1 1 1 1 1 1 1 1 1 1 1 1 1 0 0 0 0 0 0 0 0 0 0 0 0 0 
     10 15 2 5 7 2 9 4 7 11 10 5 1 13 4 3 8 13 7 6 13 15 5 6 14 9 17 1 4 13 5 14 8 4 3 12 8 16 6 10 2 1 9 2 4 16 4 11 1 1 4 13 16 5 16 5 15 6 13 2 13 7 4 15 14 13 6 3 7 5 16 4 3 9 15 7 10 4 1 14 6 6 6 8 8 16 5 3 7 6 10 4 1 9 8 14 15 9 12 4 7 10 15 12 12 8 2 12 8 10 8 2 10 2 8 12 2 7 12 4 1 11 11 13 11 12 15 2 6 3 11 11 13 10 16 5 6 6 13 2 3 4 15 12 7 7 2 9 11 10 9 12 16 13 5 14 1 13 12 8 4 9 15 14 7 1 3 14 16 14 3 3 16 12 11 8 3 11 14 5 4 5 15 7 11 12 15 2 10 14 1 1 13 10 9 11 5 2 16 9 
p59 45225                                                                                                                                                 0.015751  
     1 1 1 1 1 1 1 1 1 1 1 1 1 1 1 1 1 0 0 0 0 0 0 0 0 0 0 0 0 0 
     10 15 2 5 7 2 9 4 7 11 10 5 1 13 4 3 8 13 7 6 13 15 5 6 14 9 17 1 4 13 5 14 8 4 3 12 8 16 6 10 2 1 9 2 4 16 4 11 1 1 4 13 16 5 16 5 15 6 13 2 13 7 4 15 14 13 6 3 7 5 16 4 3 9 15 7 10 4 1 14 6 6 6 8 8 16 5 3 7 6 10 4 1 9 8 14 15 9 12 4 7 10 15 12 12 8 2 12 8 10 8 2 10 2 8 12 2 7 12 4 1 11 11 13 11 12 15 2 6 3 11 11 13 10 16 5 6 6 13 2 3 4 15 12 7 7 2 9 11 10 9 12 16 13 5 14 1 13 12 8 4 9 15 14 7 1 3 14 16 14 3 3 16 12 11 8 3 11 14 5 4 5 15 7 11 12 15 2 10 14 1 1 13 10 9 11 5 2 16 9 
p60 38543                                                                                                                                                 0.013667  
     1 1 1 1 1 1 1 1 1 1 1 0 0 0 0 0 0 0 0 0 0 0 0 0 0 0 0 0 0 0 
     8 9 2 5 3 2 7 4 7 6 10 5 1 9 4 3 2 9 6 6 10 7 5 6 10 5 8 1 4 9 5 9 8 4 3 11 2 9 6 1 2 1 8 2 4 10 4 6 1 1 4 9 11 5 8 5 6 6 11 2 10 7 4 10 1 9 6 3 7 5 10 4 3 9 6 7 4 4 1 10 6 6 6 4 2 6 4 3 5 6 10 4 1 9 5 8 7 1 10 2 5 4 11 10 7 7 2 9 8 10 8 2 4 2 7 10 2 7 7 3 1 5 3 4 8 11 7 2 3 3 5 9 8 3 5 5 1 6 11 2 3 4 7 9 6 7 2 9 8 10 8 9 10 10 5 11 1 9 6 4 3 4 2 7 7 1 3 6 9 10 3 3 11 5 8 8 3 1 10 5 4 5 9 7 8 1 7 2 9 8 1 1 2 9 9 8 5 2 10 5 
p61 41843                                                                                                                                                 0.012403  
     1 1 1 1 1 1 1 1 1 1 1 0 0 0 0 0 0 0 0 0 0 0 0 0 0 0 0 0 0 0 
     8 9 2 5 3 2 7 4 7 6 10 5 1 9 4 3 2 9 6 6 10 7 5 6 10 5 8 1 4 9 5 9 8 4 3 11 2 9 6 1 2 1 8 2 4 10 4 6 1 1 4 9 11 5 8 5 6 6 11 2 10 7 4 10 1 9 6 3 7 5 10 4 3 9 6 7 4 4 1 10 6 6 6 4 2 6 4 3 5 6 10 4 1 9 5 8 7 1 10 2 5 4 11 10 7 7 2 9 8 10 8 2 4 2 7 10 2 7 7 3 1 5 3 4 8 11 7 2 3 3 5 9 8 3 5 5 1 6 11 2 3 4 7 9 6 7 2 9 8 10 8 9 10 10 5 11 1 9 6 4 3 4 2 7 7 1 3 6 9 10 3 3 11 5 8 8 3 1 10 5 4 5 9 7 8 1 7 2 9 8 1 1 2 9 9 8 5 2 10 5 
p62 49543                                                                                                                                                 0.013151  
     1 1 1 1 1 1 1 1 1 1 1 0 0 0 0 0 0 0 0 0 0 0 0 0 0 0 0 0 0 0 
     8 9 2 5 3 2 7 4 7 6 10 5 1 9 4 3 2 9 6 6 10 7 5 6 10 5 8 1 4 9 5 9 8 4 3 11 2 9 6 1 2 1 8 2 4 10 4 6 1 1 4 9 11 5 8 5 6 6 11 2 10 7 4 10 1 9 6 3 7 5 10 4 3 9 6 7 4 4 1 10 6 6 6 4 2 6 4 3 5 6 10 4 1 9 5 8 7 1 10 2 5 4 11 10 7 7 2 9 8 10 8 2 4 2 7 10 2 7 7 3 1 5 3 4 8 11 7 2 3 3 5 9 8 3 5 5 1 6 11 2 3 4 7 9 6 7 2 9 8 10 8 9 10 10 5 11 1 9 6 4 3 4 2 7 7 1 3 6 9 10 3 3 11 5 8 8 3 1 10 5 4 5 9 7 8 1 7 2 9 8 1 1 2 9 9 8 5 2 10 5 
p63 45384                                                                                                                                                 0.011137  
     1 1 1 1 1 1 1 1 1 1 1 0 0 0 0 0 0 0 0 0 0 0 0 0 0 0 0 0 0 0 
     8 9 2 5 3 2 7 4 7 6 10 5 1 9 4 3 2 9 6 6 10 7 5 6 10 5 8 1 4 9 5 9 8 4 3 11 2 9 6 1 2 1 8 2 4 10 4 6 1 1 4 9 11 5 8 5 6 6 11 2 10 7 4 10 1 9 6 3 7 5 10 4 3 9 6 7 4 4 1 10 6 6 6 4 2 6 4 3 5 6 10 4 1 9 5 8 7 1 10 2 5 4 11 10 7 7 2 9 8 10 8 2 4 2 7 10 2 7 7 3 1 5 3 4 8 11 7 2 3 3 5 9 8 3 5 5 1 6 11 2 3 4 7 9 6 7 2 9 8 10 8 9 10 10 5 11 1 9 6 4 3 4 2 7 7 1 3 6 9 10 3 3 11 5 8 8 3 1 10 5 4 5 9 7 8 1 7 2 9 8 1 1 2 9 9 8 5 2 10 5 
p64 41316                                                                                                                                                 0.011839  
     1 1 1 1 1 1 1 1 0 0 0 0 0 0 0 0 0 0 0 0 0 0 0 0 0 0 0 0 0 0 
     4 5 2 5 3 1 3 3 7 5 8 4 1 8 2 1 2 7 6 6 7 7 4 6 7 5 6 1 4 3 5 6 8 3 3 7 1 7 6 1 2 1 6 2 4 6 4 6 1 1 4 3 8 5 5 5 3 6 8 2 8 7 4 7 1 5 6 3 5 4 7 4 1 8 1 6 4 4 1 7 2 6 6 2 2 6 4 3 5 4 7 4 1 8 5 5 3 1 6 2 3 4 7 7 6 7 2 8 8 7 2 2 4 2 4 7 2 7 6 3 1 5 3 3 2 6 5 2 3 3 1 4 7 3 5 5 1 6 6 2 3 4 2 5 6 1 2 6 8 8 4 8 4 7 3 5 1 6 6 1 3 4 2 5 6 1 2 5 8 2 3 3 8 5 7 5 3 1 8 4 4 4 2 1 7 1 7 2 6 7 1 1 2 6 8 7 5 2 8 5 
p65 43716                                                                                                                                                 0.010425  
     1 1 1 1 1 1 1 1 0 0 0 0 0 0 0 0 0 0 0 0 0 0 0 0 0 0 0 0 0 0 
     4 5 2 5 3 1 3 3 7 5 8 4 1 8 2 1 2 7 6 6 7 7 4 6 7 5 6 1 4 3 5 6 8 3 3 7 1 7 6 1 2 1 6 2 4 6 4 6 1 1 4 3 8 5 5 5 3 6 8 2 8 7 4 7 1 5 6 3 5 4 7 4 1 8 1 6 4 4 1 7 2 6 6 2 2 6 4 3 5 4 7 4 1 8 5 5 3 1 6 2 3 4 7 7 6 7 2 8 8 7 2 2 4 2 4 7 2 7 6 3 1 5 3 3 2 6 5 2 3 3 1 4 7 3 5 5 1 6 6 2 3 4 2 5 6 1 2 6 8 8 4 8 4 7 3 5 1 6 6 1 3 4 2 5 6 1 2 5 8 2 3 3 8 5 7 5 3 1 8 4 4 4 2 1 7 1 7 2 6 7 1 1 2 6 8 7 5 2 8 5 
p66 49316                                                                                                                                                 0.014432  
     1 1 1 1 1 1 1 1 0 0 0 0 0 0 0 0 0 0 0 0 0 0 0 0 0 0 0 0 0 0 
     4 5 2 5 3 1 3 3 7 5 8 4 1 8 2 1 2 7 6 6 7 7 4 6 7 5 6 1 4 3 5 6 8 3 3 7 1 7 6 1 2 1 6 2 4 6 4 6 1 1 4 3 8 5 5 5 3 6 8 2 8 7 4 7 1 5 6 3 5 4 7 4 1 8 1 6 4 4 1 7 2 6 6 2 2 6 4 3 5 4 7 4 1 8 5 5 3 1 6 2 3 4 7 7 6 7 2 8 8 7 2 2 4 2 4 7 2 7 6 3 1 5 3 3 2 6 5 2 3 3 1 4 7 3 5 5 1 6 6 2 3 4 2 5 6 1 2 6 8 8 4 8 4 7 3 5 1 6 6 1 3 4 2 5 6 1 2 5 8 2 3 3 8 5 7 5 3 1 8 4 4 4 2 1 7 1 7 2 6 7 1 1 2 6 8 7 5 2 8 5 
p68 39108                                                                                                                                                 0.012976  
     1 1 1 1 1 1 1 1 1 1 0 0 0 0 0 0 0 0 0 0 0 0 0 0 0 0 0 0 0 0 
     4 9 2 5 3 1 7 4 7 6 10 5 1 8 4 1 2 9 6 6 10 7 4 6 9 5 8 1 4 9 5 9 8 4 3 9 2 9 6 1 2 1 6 2 4 6 4 6 1 1 4 9 10 5 8 5 6 6 10 2 10 7 4 9 1 9 6 3 7 4 9 4 3 8 6 6 4 4 1 9 2 6 6 2 2 6 4 3 5 4 10 4 1 9 5 8 6 1 9 2 7 4 10 9 6 7 2 9 8 8 8 2 4 2 4 8 2 7 9 3 1 5 3 4 2 10 7 2 3 3 1 9 8 3 5 5 1 6 9 2 3 4 7 9 6 7 2 9 8 10 8 9 6 9 3 8 1 9 6 1 3 4 2 9 6 1 2 6 9 2 3 3 10 5 8 8 3 1 10 4 4 5 8 7 8 1 7 2 9 8 1 1 2 9 8 8 5 2 10 5 
p69 42108                                                                                                                                                 0.010566  
     1 1 1 1 1 1 1 1 1 1 0 0 0 0 0 0 0 0 0 0 0 0 0 0 0 0 0 0 0 0 
     4 9 2 5 3 1 7 4 7 6 10 5 1 8 4 1 2 9 6 6 10 7 4 6 9 5 8 1 4 9 5 9 8 4 3 9 2 9 6 1 2 1 6 2 4 6 4 6 1 1 4 9 10 5 8 5 6 6 10 2 10 7 4 9 1 9 6 3 7 4 9 4 3 8 6 6 4 4 1 9 2 6 6 2 2 6 4 3 5 4 10 4 1 9 5 8 6 1 9 2 7 4 10 9 6 7 2 9 8 8 8 2 4 2 4 8 2 7 9 3 1 5 3 4 2 10 7 2 3 3 1 9 8 3 5 5 1 6 9 2 3 4 7 9 6 7 2 9 8 10 8 9 6 9 3 8 1 9 6 1 3 4 2 9 6 1 2 6 9 2 3 3 10 5 8 8 3 1 10 4 4 5 8 7 8 1 7 2 9 8 1 1 2 9 8 8 5 2 10 5 
p70 49108                                                                                                                                                 0.012232  
     1 1 1 1 1 1 1 1 1 1 0 0 0 0 0 0 0 0 0 0 0 0 0 0 0 0 0 0 0 0 
     4 9 2 5 3 1 7 4 7 6 10 5 1 8 4 1 2 9 6 6 10 7 4 6 9 5 8 1 4 9 5 9 8 4 3 9 2 9 6 1 2 1 6 2 4 6 4 6 1 1 4 9 10 5 8 5 6 6 10 2 10 7 4 9 1 9 6 3 7 4 9 4 3 8 6 6 4 4 1 9 2 6 6 2 2 6 4 3 5 4 10 4 1 9 5 8 6 1 9 2 7 4 10 9 6 7 2 9 8 8 8 2 4 2 4 8 2 7 9 3 1 5 3 4 2 10 7 2 3 3 1 9 8 3 5 5 1 6 9 2 3 4 7 9 6 7 2 9 8 10 8 9 6 9 3 8 1 9 6 1 3 4 2 9 6 1 2 6 9 2 3 3 10 5 8 8 3 1 10 4 4 5 8 7 8 1 7 2 9 8 1 1 2 9 8 8 5 2 10 5 
p71 45538                                                                                                                                                 0.012308  
     1 1 1 1 1 1 1 1 1 1 0 0 0 0 0 0 0 0 0 0 0 0 0 0 0 0 0 0 0 0 
     4 9 2 5 3 1 7 4 7 6 10 5 1 8 4 1 2 9 6 6 10 7 4 6 9 5 8 1 4 9 5 9 8 4 3 9 2 9 6 1 2 1 6 2 4 6 4 6 1 1 4 9 10 5 8 5 6 6 10 2 10 7 4 9 1 9 6 3 7 4 9 4 3 8 6 6 4 4 1 9 2 6 6 2 2 6 4 3 5 4 10 4 1 9 5 8 6 1 9 2 7 4 10 9 6 7 2 9 8 8 8 2 4 2 4 8 2 7 9 3 1 5 3 4 2 10 7 2 3 3 1 9 8 3 5 5 1 6 9 2 3 4 7 9 6 7 2 9 8 10 8 9 6 9 3 8 1 9 6 1 3 4 2 9 6 1 2 6 9 2 3 3 10 5 8 8 3 1 10 4 4 5 8 7 8 1 7 2 9 8 1 1 2 9 8 8 5 2 10 5 
