p1  10355                                                                                                                                                 0.594266  
     1 1 1 1 1 1 1 1 1 1 
     6 8 9 3 10 10 6 7 4 3 7 4 5 1 7 5 6 1 4 10 8 7 4 6 7 10 6 8 1 4 4 9 3 2 4 8 10 4 7 5 6 8 9 9 2 8 1 3 5 7 
p2  9041                                                                                                                                                  0.554888  
     1 1 1 1 1 1 1 1 1 1 
     6 8 9 3 10 10 6 7 4 3 7 4 5 1 7 5 6 1 4 10 8 7 4 6 7 10 6 8 1 4 4 9 3 2 4 8 10 4 7 5 6 8 9 9 2 8 1 3 5 7 
p3  11041                                                                                                                                                 0.695825  
     1 1 1 1 1 1 1 1 1 1 
     6 8 9 3 10 10 6 7 4 3 7 4 5 1 7 5 6 1 4 10 8 7 4 6 7 10 6 8 1 4 4 9 3 2 4 8 10 4 7 5 6 8 9 9 2 8 1 3 5 7 
p4  13041                                                                                                                                                 0.592547  
     1 1 1 1 1 1 1 1 1 1 
     6 8 9 3 10 10 6 7 4 3 7 4 5 1 7 5 6 1 4 10 8 7 4 6 7 10 6 8 1 4 4 9 3 2 4 8 10 4 7 5 6 8 9 9 2 8 1 3 5 7 
p5  10355                                                                                                                                                 0.846927  
     1 1 1 1 1 1 1 1 1 1 
     6 8 9 3 10 10 6 7 4 3 7 4 5 1 7 5 6 1 4 10 8 7 4 6 7 10 6 8 1 4 4 9 3 2 4 8 10 4 7 5 6 8 9 9 2 8 1 3 5 7 
p6  9041                                                                                                                                                  1.010528  
     1 1 1 1 1 1 1 1 1 1 
     6 8 9 3 10 10 6 7 4 3 7 4 5 1 7 5 6 1 4 10 8 7 4 6 7 10 6 8 1 4 4 9 3 2 4 8 10 4 7 5 6 8 9 9 2 8 1 3 5 7 
p7  11041                                                                                                                                                 1.237781  
     1 1 1 1 1 1 1 1 1 1 
     6 8 9 3 10 10 6 7 4 3 7 4 5 1 7 5 6 1 4 10 8 7 4 6 7 10 6 8 1 4 4 9 3 2 4 8 10 4 7 5 6 8 9 9 2 8 1 3 5 7 
p8  13041                                                                                                                                                 0.689456  
     1 1 1 1 1 1 1 1 1 1 
     6 8 9 3 10 10 6 7 4 3 7 4 5 1 7 5 6 1 4 10 8 7 4 6 7 10 6 8 1 4 4 9 3 2 4 8 10 4 7 5 6 8 9 9 2 8 1 3 5 7 
p9  10355                                                                                                                                                 0.501119  
     1 1 1 1 1 1 1 1 1 1 
     6 8 9 3 10 10 6 7 4 3 7 4 5 1 7 5 6 1 4 10 8 7 4 6 7 10 6 8 1 4 4 9 3 2 4 8 10 4 7 5 6 8 9 9 2 8 1 3 5 7 
p10 9041                                                                                                                                                  0.495992  
     1 1 1 1 1 1 1 1 1 1 
     6 8 9 3 10 10 6 7 4 3 7 4 5 1 7 5 6 1 4 10 8 7 4 6 7 10 6 8 1 4 4 9 3 2 4 8 10 4 7 5 6 8 9 9 2 8 1 3 5 7 
p11 11041                                                                                                                                                 0.506208  
     1 1 1 1 1 1 1 1 1 1 
     6 8 9 3 10 10 6 7 4 3 7 4 5 1 7 5 6 1 4 10 8 7 4 6 7 10 6 8 1 4 4 9 3 2 4 8 10 4 7 5 6 8 9 9 2 8 1 3 5 7 
p12 13041                                                                                                                                                 0.497581  
     1 1 1 1 1 1 1 1 1 1 
     6 8 9 3 10 10 6 7 4 3 7 4 5 1 7 5 6 1 4 10 8 7 4 6 7 10 6 8 1 4 4 9 3 2 4 8 10 4 7 5 6 8 9 9 2 8 1 3 5 7 
p13 10312                                                                                                                                                 5.272489  
     1 1 0 0 1 1 1 0 1 0 0 1 1 1 1 1 1 1 0 1 
     1 7 2 16 5 15 13 12 6 5 12 6 9 7 13 14 5 1 13 2 16 17 5 15 20 18 16 17 6 7 2 1 18 5 1 9 1 7 12 2 1 7 17 20 5 6 13 15 14 9 
p14 8725                                                                                                                                                  3.227758  
     1 1 0 0 1 1 1 1 1 0 0 1 1 1 1 1 1 0 1 1 
     1 7 2 19 8 15 13 12 6 5 19 6 9 7 13 14 5 1 13 2 16 17 5 15 20 14 16 8 6 7 2 1 7 5 1 9 1 7 12 2 1 7 17 20 5 6 13 15 14 9 
p15 11725                                                                                                                                                 2.525622  
     1 1 0 0 1 1 1 1 1 0 0 1 1 1 1 1 1 0 1 1 
     1 7 2 19 8 15 13 12 6 5 19 6 9 7 13 14 5 1 13 2 16 17 5 15 20 14 16 8 6 7 2 1 7 5 1 9 1 7 12 2 1 7 17 20 5 6 13 15 14 9 
p16 14725                                                                                                                                                 3.295186  
     1 1 0 0 1 1 1 1 1 0 0 1 1 1 1 1 1 0 1 1 
     1 7 2 19 8 15 13 12 6 5 19 6 9 7 13 14 5 1 13 2 16 17 5 15 20 14 16 8 6 7 2 1 7 5 1 9 1 7 12 2 1 7 17 20 5 6 13 15 14 9 
p17 10817                                                                                                                                                 2.270518  
     1 1 0 0 1 1 1 1 1 0 0 1 1 1 1 1 1 0 1 1 
     1 7 2 19 8 15 13 12 6 5 19 6 9 7 13 14 5 1 13 2 16 17 5 15 20 14 16 8 6 7 2 1 7 5 1 9 1 7 12 2 1 7 17 20 5 6 13 15 14 9 
p18 8725                                                                                                                                                  2.785414  
     1 1 0 0 1 1 1 1 1 0 0 1 1 1 1 1 1 0 1 1 
     1 7 2 19 8 15 13 12 6 5 19 6 9 7 13 14 5 1 13 2 16 17 5 15 20 14 16 8 6 7 2 1 7 5 1 9 1 7 12 2 1 7 17 20 5 6 13 15 14 9 
p19 11725                                                                                                                                                 2.437339  
     1 1 0 0 1 1 1 1 1 0 0 1 1 1 1 1 1 0 1 1 
     1 7 2 19 8 15 13 12 6 5 19 6 9 7 13 14 5 1 13 2 16 17 5 15 20 14 16 8 6 7 2 1 7 5 1 9 1 7 12 2 1 7 17 20 5 6 13 15 14 9 
p20 14725                                                                                                                                                 2.282330  
     1 1 0 0 1 1 1 1 1 0 0 1 1 1 1 1 1 0 1 1 
     1 7 2 19 8 15 13 12 6 5 19 6 9 7 13 14 5 1 13 2 16 17 5 15 20 14 16 8 6 7 2 1 7 5 1 9 1 7 12 2 1 7 17 20 5 6 13 15 14 9 
p21 10817                                                                                                                                                 2.398085  
     1 1 0 0 1 1 1 1 1 0 0 1 1 1 1 1 1 0 1 1 
     1 7 2 19 8 15 13 12 6 5 19 6 9 7 13 14 5 1 13 2 16 17 5 15 20 14 16 8 6 7 2 1 7 5 1 9 1 7 12 2 1 7 17 20 5 6 13 15 14 9 
p22 8725                                                                                                                                                  3.021288  
     1 1 0 0 1 1 1 1 1 0 0 1 1 1 1 1 1 0 1 1 
     1 7 2 19 8 15 13 12 6 5 19 6 9 7 13 14 5 1 13 2 16 17 5 15 20 14 16 8 6 7 2 1 7 5 1 9 1 7 12 2 1 7 17 20 5 6 13 15 14 9 
p23 11725                                                                                                                                                 2.935508  
     1 1 0 0 1 1 1 1 1 0 0 1 1 1 1 1 1 0 1 1 
     1 7 2 19 8 15 13 12 6 5 19 6 9 7 13 14 5 1 13 2 16 17 5 15 20 14 16 8 6 7 2 1 7 5 1 9 1 7 12 2 1 7 17 20 5 6 13 15 14 9 
p24 14725                                                                                                                                                 2.562876  
     1 1 0 0 1 1 1 1 1 0 0 1 1 1 1 1 1 0 1 1 
     1 7 2 19 8 15 13 12 6 5 19 6 9 7 13 14 5 1 13 2 16 17 5 15 20 14 16 8 6 7 2 1 7 5 1 9 1 7 12 2 1 7 17 20 5 6 13 15 14 9 
p25 15096                                                                                                                                                 28.493104 
     0 0 0 1 1 1 0 1 1 1 1 1 1 1 0 1 0 1 1 0 1 1 1 0 1 1 1 1 0 0 
     22 11 8 4 21 9 14 19 22 14 27 14 25 22 6 9 14 9 8 6 22 28 9 8 6 23 21 9 6 18 5 14 12 10 5 22 28 9 8 6 12 14 16 11 5 8 21 9 6 8 23 14 9 8 14 22 28 9 4 12 23 14 9 8 10 5 18 23 10 4 9 23 19 22 5 11 13 9 8 8 12 14 11 11 5 22 28 25 12 6 5 14 9 10 5 27 14 25 22 6 5 18 18 10 4 23 21 9 26 6 11 21 9 6 8 23 28 9 8 6 28 21 9 6 13 23 21 9 14 27 11 14 9 8 8 22 19 9 26 26 9 14 19 11 5 23 21 9 16 26 
p26 12922                                                                                                                                                 29.456526 
     0 0 0 1 1 1 0 1 1 1 1 1 1 1 0 1 0 1 1 0 1 1 1 0 1 1 1 1 0 0 
     22 11 8 4 21 9 14 19 22 14 27 14 25 22 6 9 14 9 8 6 22 28 9 8 6 23 21 9 6 18 5 14 12 10 5 22 28 9 8 6 12 14 16 11 5 8 21 9 6 8 23 14 9 8 14 22 28 9 4 12 23 14 9 8 10 5 18 23 10 4 9 23 19 22 5 11 13 9 8 8 12 14 11 11 5 22 28 25 12 6 5 14 9 10 5 27 14 25 22 6 5 18 18 10 4 23 21 9 26 6 11 21 9 6 8 23 28 9 8 6 28 21 9 6 13 23 21 9 14 27 11 14 9 8 8 22 19 9 26 26 9 14 19 11 5 23 21 9 16 26 
p27 16922                                                                                                                                                 33.296886 
     0 0 0 1 1 1 0 1 1 1 1 1 1 1 0 1 0 1 1 0 1 1 1 0 1 1 1 1 0 0 
     22 11 8 4 21 9 14 19 22 14 27 14 25 22 6 9 14 9 8 6 22 28 9 8 6 23 21 9 6 18 5 14 12 10 5 22 28 9 8 6 12 14 16 11 5 8 21 9 6 8 23 14 9 8 14 22 28 9 4 12 23 14 9 8 10 5 18 23 10 4 9 23 19 22 5 11 13 9 8 8 12 14 11 11 5 22 28 25 12 6 5 14 9 10 5 27 14 25 22 6 5 18 18 10 4 23 21 9 26 6 11 21 9 6 8 23 28 9 8 6 28 21 9 6 13 23 21 9 14 27 11 14 9 8 8 22 19 9 26 26 9 14 19 11 5 23 21 9 16 26 
p28 20922                                                                                                                                                 27.608057 
     0 0 0 1 1 1 0 1 1 1 1 1 1 1 0 1 0 1 1 0 1 1 1 0 1 1 1 1 0 0 
     22 11 8 4 21 9 14 19 22 14 27 14 25 22 6 9 14 9 8 6 22 28 9 8 6 23 21 9 6 18 5 14 12 10 5 22 28 9 8 6 12 14 16 11 5 8 21 9 6 8 23 14 9 8 14 22 28 9 4 12 23 14 9 8 10 5 18 23 10 4 9 23 19 22 5 11 13 9 8 8 12 14 11 11 5 22 28 25 12 6 5 14 9 10 5 27 14 25 22 6 5 18 18 10 4 23 21 9 26 6 11 21 9 6 8 23 28 9 8 6 28 21 9 6 13 23 21 9 14 27 11 14 9 8 8 22 19 9 26 26 9 14 19 11 5 23 21 9 16 26 
p29 15096                                                                                                                                                 37.729785 
     0 0 0 1 1 1 0 1 1 1 1 1 1 1 0 1 0 1 1 0 1 1 1 0 1 1 1 1 0 0 
     22 11 8 4 21 9 14 19 22 14 27 14 25 22 6 9 14 9 8 6 22 28 9 8 6 23 21 9 6 18 5 14 12 10 5 22 28 9 8 6 12 14 16 11 5 8 21 9 6 8 23 14 9 8 14 22 28 9 4 12 23 14 9 8 10 5 18 23 10 4 9 23 19 22 5 11 13 9 8 8 12 14 11 11 5 22 28 25 12 6 5 14 9 10 5 27 14 25 22 6 5 18 18 10 4 23 21 9 26 6 11 21 9 6 8 23 28 9 8 6 28 21 9 6 13 23 21 9 14 27 11 14 9 8 8 22 19 9 26 26 9 14 19 11 5 23 21 9 16 26 
p30 12922                                                                                                                                                 41.987910 
     0 0 0 1 1 1 0 1 1 1 1 1 1 1 0 1 0 1 1 0 1 1 1 0 1 1 1 1 0 0 
     22 11 8 4 21 9 14 19 22 14 27 14 25 22 6 9 14 9 8 6 22 28 9 8 6 23 21 9 6 18 5 14 12 10 5 22 28 9 8 6 12 14 16 11 5 8 21 9 6 8 23 14 9 8 14 22 28 9 4 12 23 14 9 8 10 5 18 23 10 4 9 23 19 22 5 11 13 9 8 8 12 14 11 11 5 22 28 25 12 6 5 14 9 10 5 27 14 25 22 6 5 18 18 10 4 23 21 9 26 6 11 21 9 6 8 23 28 9 8 6 28 21 9 6 13 23 21 9 14 27 11 14 9 8 8 22 19 9 26 26 9 14 19 11 5 23 21 9 16 26 
p31 16922                                                                                                                                                 36.411050 
     0 0 0 1 1 1 0 1 1 1 1 1 1 1 0 1 0 1 1 0 1 1 1 0 1 1 1 1 0 0 
     22 11 8 4 21 9 14 19 22 14 27 14 25 22 6 9 14 9 8 6 22 28 9 8 6 23 21 9 6 18 5 14 12 10 5 22 28 9 8 6 12 14 16 11 5 8 21 9 6 8 23 14 9 8 14 22 28 9 4 12 23 14 9 8 10 5 18 23 10 4 9 23 19 22 5 11 13 9 8 8 12 14 11 11 5 22 28 25 12 6 5 14 9 10 5 27 14 25 22 6 5 18 18 10 4 23 21 9 26 6 11 21 9 6 8 23 28 9 8 6 28 21 9 6 13 23 21 9 14 27 11 14 9 8 8 22 19 9 26 26 9 14 19 11 5 23 21 9 16 26 
p32 20922                                                                                                                                                 36.633731 
     0 0 0 1 1 1 0 1 1 1 1 1 1 1 0 1 0 1 1 0 1 1 1 0 1 1 1 1 0 0 
     22 11 8 4 21 9 14 19 22 14 27 14 25 22 6 9 14 9 8 6 22 28 9 8 6 23 21 9 6 18 5 14 12 10 5 22 28 9 8 6 12 14 16 11 5 8 21 9 6 8 23 14 9 8 14 22 28 9 4 12 23 14 9 8 10 5 18 23 10 4 9 23 19 22 5 11 13 9 8 8 12 14 11 11 5 22 28 25 12 6 5 14 9 10 5 27 14 25 22 6 5 18 18 10 4 23 21 9 26 6 11 21 9 6 8 23 28 9 8 6 28 21 9 6 13 23 21 9 14 27 11 14 9 8 8 22 19 9 26 26 9 14 19 11 5 23 21 9 16 26 
p33 15096                                                                                                                                                 29.011765 
     0 0 0 1 1 1 0 1 1 1 1 1 1 1 0 1 0 1 1 0 1 1 1 0 1 1 1 1 0 0 
     22 11 8 4 21 9 14 19 22 14 27 14 25 22 6 9 14 9 8 6 22 28 9 8 6 23 21 9 6 18 5 14 12 10 5 22 28 9 8 6 12 14 16 11 5 8 21 9 6 8 23 14 9 8 14 22 28 9 4 12 23 14 9 8 10 5 18 23 10 4 9 23 19 22 5 11 13 9 8 8 12 14 11 11 5 22 28 25 12 6 5 14 9 10 5 27 14 25 22 6 5 18 18 10 4 23 21 9 26 6 11 21 9 6 8 23 28 9 8 6 28 21 9 6 13 23 21 9 14 27 11 14 9 8 8 22 19 9 26 26 9 14 19 11 5 23 21 9 16 26 
p34 12922                                                                                                                                                 48.924699 
     0 0 0 1 1 1 0 1 1 1 1 1 1 1 0 1 0 1 1 0 1 1 1 0 1 1 1 1 0 0 
     22 11 8 4 21 9 14 19 22 14 27 14 25 22 6 9 14 9 8 6 22 28 9 8 6 23 21 9 6 18 5 14 12 10 5 22 28 9 8 6 12 14 16 11 5 8 21 9 6 8 23 14 9 8 14 22 28 9 4 12 23 14 9 8 10 5 18 23 10 4 9 23 19 22 5 11 13 9 8 8 12 14 11 11 5 22 28 25 12 6 5 14 9 10 5 27 14 25 22 6 5 18 18 10 4 23 21 9 26 6 11 21 9 6 8 23 28 9 8 6 28 21 9 6 13 23 21 9 14 27 11 14 9 8 8 22 19 9 26 26 9 14 19 11 5 23 21 9 16 26 
p35 16922                                                                                                                                                 33.007957 
     0 0 0 1 1 1 0 1 1 1 1 1 1 1 0 1 0 1 1 0 1 1 1 0 1 1 1 1 0 0 
     22 11 8 4 21 9 14 19 22 14 27 14 25 22 6 9 14 9 8 6 22 28 9 8 6 23 21 9 6 18 5 14 12 10 5 22 28 9 8 6 12 14 16 11 5 8 21 9 6 8 23 14 9 8 14 22 28 9 4 12 23 14 9 8 10 5 18 23 10 4 9 23 19 22 5 11 13 9 8 8 12 14 11 11 5 22 28 25 12 6 5 14 9 10 5 27 14 25 22 6 5 18 18 10 4 23 21 9 26 6 11 21 9 6 8 23 28 9 8 6 28 21 9 6 13 23 21 9 14 27 11 14 9 8 8 22 19 9 26 26 9 14 19 11 5 23 21 9 16 26 
p36 20922                                                                                                                                                 32.572845 
     0 0 0 1 1 1 0 1 1 1 1 1 1 1 0 1 0 1 1 0 1 1 1 0 1 1 1 1 0 0 
     22 11 8 4 21 9 14 19 22 14 27 14 25 22 6 9 14 9 8 6 22 28 9 8 6 23 21 9 6 18 5 14 12 10 5 22 28 9 8 6 12 14 16 11 5 8 21 9 6 8 23 14 9 8 14 22 28 9 4 12 23 14 9 8 10 5 18 23 10 4 9 23 19 22 5 11 13 9 8 8 12 14 11 11 5 22 28 25 12 6 5 14 9 10 5 27 14 25 22 6 5 18 18 10 4 23 21 9 26 6 11 21 9 6 8 23 28 9 8 6 28 21 9 6 13 23 21 9 14 27 11 14 9 8 8 22 19 9 26 26 9 14 19 11 5 23 21 9 16 26 
p37 15096                                                                                                                                                 42.103713 
     0 0 0 1 1 1 0 1 1 1 1 1 1 1 0 1 0 1 1 0 1 1 1 0 1 1 1 1 0 0 
     22 11 8 4 21 9 14 19 22 14 27 14 25 22 6 9 14 9 8 6 22 28 9 8 6 23 21 9 6 18 5 14 12 10 5 22 28 9 8 6 12 14 16 11 5 8 21 9 6 8 23 14 9 8 14 22 28 9 4 12 23 14 9 8 10 5 18 23 10 4 9 23 19 22 5 11 13 9 8 8 12 14 11 11 5 22 28 25 12 6 5 14 9 10 5 27 14 25 22 6 5 18 18 10 4 23 21 9 26 6 11 21 9 6 8 23 28 9 8 6 28 21 9 6 13 23 21 9 14 27 11 14 9 8 8 22 19 9 26 26 9 14 19 11 5 23 21 9 16 26 
p38 12922                                                                                                                                                 29.137769 
     0 0 0 1 1 1 0 1 1 1 1 1 1 1 0 1 0 1 1 0 1 1 1 0 1 1 1 1 0 0 
     22 11 8 4 21 9 14 19 22 14 27 14 25 22 6 9 14 9 8 6 22 28 9 8 6 23 21 9 6 18 5 14 12 10 5 22 28 9 8 6 12 14 16 11 5 8 21 9 6 8 23 14 9 8 14 22 28 9 4 12 23 14 9 8 10 5 18 23 10 4 9 23 19 22 5 11 13 9 8 8 12 14 11 11 5 22 28 25 12 6 5 14 9 10 5 27 14 25 22 6 5 18 18 10 4 23 21 9 26 6 11 21 9 6 8 23 28 9 8 6 28 21 9 6 13 23 21 9 14 27 11 14 9 8 8 22 19 9 26 26 9 14 19 11 5 23 21 9 16 26 
p39 16922                                                                                                                                                 29.839686 
     0 0 0 1 1 1 0 1 1 1 1 1 1 1 0 1 0 1 1 0 1 1 1 0 1 1 1 1 0 0 
     22 11 8 4 21 9 14 19 22 14 27 14 25 22 6 9 14 9 8 6 22 28 9 8 6 23 21 9 6 18 5 14 12 10 5 22 28 9 8 6 12 14 16 11 5 8 21 9 6 8 23 14 9 8 14 22 28 9 4 12 23 14 9 8 10 5 18 23 10 4 9 23 19 22 5 11 13 9 8 8 12 14 11 11 5 22 28 25 12 6 5 14 9 10 5 27 14 25 22 6 5 18 18 10 4 23 21 9 26 6 11 21 9 6 8 23 28 9 8 6 28 21 9 6 13 23 21 9 14 27 11 14 9 8 8 22 19 9 26 26 9 14 19 11 5 23 21 9 16 26 
p40 20922                                                                                                                                                 23.915456 
     0 0 0 1 1 1 0 1 1 1 1 1 1 1 0 1 0 1 1 0 1 1 1 0 1 1 1 1 0 0 
     22 11 8 4 21 9 14 19 22 14 27 14 25 22 6 9 14 9 8 6 22 28 9 8 6 23 21 9 6 18 5 14 12 10 5 22 28 9 8 6 12 14 16 11 5 8 21 9 6 8 23 14 9 8 14 22 28 9 4 12 23 14 9 8 10 5 18 23 10 4 9 23 19 22 5 11 13 9 8 8 12 14 11 11 5 22 28 25 12 6 5 14 9 10 5 27 14 25 22 6 5 18 18 10 4 23 21 9 26 6 11 21 9 6 8 23 28 9 8 6 28 21 9 6 13 23 21 9 14 27 11 14 9 8 8 22 19 9 26 26 9 14 19 11 5 23 21 9 16 26 
p41 8714                                                                                                                                                  2.794836  
     1 1 1 1 1 1 1 1 1 1 
     3 9 9 2 7 9 5 4 1 4 10 2 9 10 2 3 3 7 5 3 1 6 1 7 7 8 2 8 8 10 5 4 8 4 5 1 3 1 8 2 10 1 10 3 1 1 1 6 2 6 8 4 10 1 2 10 1 8 9 2 6 9 7 5 7 6 6 2 6 4 6 1 9 9 9 1 7 9 4 10 1 6 2 6 6 9 5 6 7 7 
p42 9547                                                                                                                                                  6.017686  
     1 0 1 1 1 1 1 1 1 1 1 1 1 0 1 1 1 1 0 1 
     17 18 1 7 10 20 1 7 18 9 17 6 3 7 3 6 8 10 3 3 4 1 6 5 13 12 10 13 10 11 13 7 12 6 7 12 4 3 5 5 20 16 7 11 3 7 5 5 1 5 17 1 8 10 15 6 20 15 18 11 5 18 9 8 7 8 11 7 9 9 12 7 6 12 8 16 15 12 8 9 
p43 9716                                                                                                                                                  9.909552  
     0 1 0 1 0 0 1 1 1 0 1 1 0 1 1 1 1 1 1 0 1 1 1 1 0 0 1 0 0 1 
     21 22 19 23 17 22 19 7 16 11 21 24 21 24 15 24 30 17 2 7 11 14 23 21 11 23 30 16 15 12 23 14 9 16 7 18 9 23 27 22 15 9 15 24 12 15 7 14 18 8 21 16 16 8 2 4 4 14 15 17 27 12 7 27 30 8 23 19 17 24 
p44 11938                                                                                                                                                 4.666161  
     1 1 1 1 1 1 1 1 1 1 
     10 2 2 7 2 3 10 4 8 9 8 1 1 4 1 8 5 9 9 8 9 1 5 5 8 6 5 1 2 8 5 9 4 4 3 6 4 2 2 8 1 3 2 1 10 2 2 2 7 8 10 1 9 10 9 3 2 7 7 2 6 8 7 10 10 2 7 7 8 1 4 1 9 8 10 1 6 6 8 6 5 2 8 8 7 9 9 3 2 4 
p45 11315                                                                                                                                                 6.294725  
     1 1 1 1 0 1 0 1 1 1 1 0 1 0 1 1 1 1 1 1 
     4 19 16 3 9 20 18 10 19 1 1 2 18 1 2 6 18 4 3 8 1 13 17 18 15 20 18 3 8 1 8 20 18 1 11 17 19 1 19 2 8 1 19 10 18 9 3 17 18 8 4 8 9 1 15 13 18 15 17 15 10 20 18 3 2 15 6 18 18 15 13 16 10 20 15 11 2 19 16 11 
p46 10548                                                                                                                                                 8.088628  
     1 0 1 0 1 1 1 1 1 1 1 1 1 1 1 0 0 1 0 1 0 1 0 0 1 0 0 0 1 1 
     6 5 20 20 12 9 15 18 7 1 3 10 14 8 25 8 7 8 3 20 13 30 3 14 15 30 5 14 8 12 10 29 18 29 6 8 13 9 29 7 29 8 9 29 10 22 11 1 3 20 13 20 20 13 25 14 18 15 7 25 5 29 25 30 22 6 30 13 25 11 
p47 13226                                                                                                                                                 3.947930  
     1 1 1 1 0 1 1 1 1 1 
     3 9 1 9 2 10 8 10 8 10 4 7 2 7 10 8 10 9 9 10 2 9 7 10 8 10 1 9 10 9 1 7 3 2 10 1 9 8 2 10 1 9 1 8 1 4 8 8 6 9 1 1 2 1 4 8 2 7 2 9 7 8 1 1 8 1 6 9 6 6 1 1 1 9 1 7 2 6 8 8 1 2 1 1 9 2 6 8 9 6 
p48 11543                                                                                                                                                 8.690981  
     1 1 0 1 1 1 0 0 0 1 1 1 1 1 0 1 0 0 1 0 
     4 1 13 1 5 1 13 1 13 2 2 1 14 4 2 1 16 1 2 1 19 2 2 1 19 6 2 1 19 10 2 1 16 13 1 1 19 19 1 1 16 12 6 4 16 12 5 12 16 12 11 12 16 13 13 12 1 12 19 2 1 13 19 2 1 13 10 6 1 14 10 11 2 1 10 14 2 1 10 16 
p49 11198                                                                                                                                                 12.404521 
     1 1 1 1 1 1 0 1 0 0 1 0 1 0 1 0 0 1 0 0 1 0 1 1 0 1 0 1 1 1 
     1 23 13 2 26 6 13 11 23 21 2 30 2 13 15 4 28 1 3 13 1 23 6 30 4 30 15 8 28 1 24 11 2 24 8 29 5 3 18 2 29 1 28 15 24 26 2 18 8 28 21 1 29 4 29 15 1 28 1 24 11 4 21 1 30 5 24 18 1 28 
p50 8915                                                                                                                                                  4.870628  
     1 1 1 1 0 1 1 1 1 1 
     4 2 1 10 1 6 9 3 9 2 6 3 7 7 2 3 1 3 9 2 6 8 7 7 6 10 9 6 3 6 1 10 7 3 10 1 9 6 1 6 3 2 8 10 10 3 9 10 9 6 7 8 7 6 6 2 9 6 8 6 2 3 1 10 1 3 9 3 9 2 10 10 7 1 10 2 9 6 10 6 1 8 7 10 10 2 9 6 9 6 6 3 7 7 4 10 1 3 9 1 
p51 9514                                                                                                                                                  13.900226 
     1 1 1 1 0 1 1 1 1 1 1 1 1 0 0 1 1 0 0 1 
     2 20 13 13 12 10 7 12 9 10 7 7 12 9 8 12 8 13 20 9 6 7 13 9 9 7 16 12 9 8 2 20 17 13 12 1 7 12 9 8 7 7 12 9 8 1 7 12 9 9 4 20 16 13 9 6 8 13 9 9 6 7 20 1 4 6 17 20 1 11 12 20 13 20 9 1 13 11 9 1 8 7 20 9 3 1 13 10 9 1 6 17 13 1 12 3 13 10 16 1 
p52 14015                                                                                                                                                 5.939161  
     1 1 1 1 1 1 1 1 1 1 
     9 10 4 9 9 3 5 10 10 1 2 10 4 9 1 4 7 10 10 2 6 2 4 9 6 5 8 10 10 8 9 3 4 9 7 2 5 4 10 9 10 4 4 9 7 3 5 10 10 8 9 10 4 3 10 6 2 10 5 5 3 2 4 9 2 4 1 2 1 3 8 4 4 9 6 5 8 10 10 10 9 10 4 3 9 2 6 10 10 1 9 10 10 2 10 6 2 10 10 5 
p53 14004                                                                                                                                                 11.430033 
     1 1 1 1 1 1 0 1 1 1 0 1 1 1 1 1 0 1 1 1 
     20 4 13 5 10 9 4 12 14 10 20 4 16 2 15 20 4 12 14 10 9 4 12 5 10 6 19 6 8 20 14 4 13 9 18 14 4 13 5 10 20 4 16 20 12 20 10 16 2 15 12 4 13 9 18 20 4 16 20 10 20 1 9 6 10 20 4 9 6 10 2 19 14 20 1 20 4 16 3 5 2 19 15 8 20 20 19 14 20 13 3 19 2 1 1 14 4 13 5 10 
p54 12891                                                                                                                                                 5.793978  
     1 1 1 1 1 1 1 0 1 1 
     5 10 1 10 1 5 5 7 10 1 10 10 4 10 3 2 7 5 10 1 10 1 3 10 3 2 7 5 10 1 10 10 4 6 9 2 7 5 10 1 5 10 3 10 3 2 5 5 6 1 5 10 1 10 3 2 7 2 10 1 5 10 4 10 1 5 9 2 10 1 3 1 3 10 3 2 7 5 10 1 5 10 4 10 3 2 7 2 10 1 1 1 3 10 3 2 7 5 10 6 
p55 12809                                                                                                                                                 12.428615 
     1 0 1 1 1 0 1 1 1 1 1 1 0 0 1 1 0 0 0 1 
     20 20 9 7 10 20 1 3 7 10 10 3 3 15 10 20 1 3 5 10 5 3 3 15 11 5 3 3 5 9 20 4 12 7 10 20 20 15 8 10 10 3 3 15 11 20 20 1 5 10 20 20 1 8 10 20 20 1 1 10 20 7 3 7 10 20 20 3 5 10 20 4 12 7 10 5 3 3 5 3 3 3 3 15 11 1 3 3 15 16 1 3 3 15 16 20 20 3 9 10 
p56 28184                                                                                                                                                 34.306772 
     1 1 1 1 1 1 1 1 1 1 1 1 1 1 1 1 1 1 1 1 1 1 1 1 1 1 1 1 1 1 
     20 21 2 16 10 4 9 4 7 26 10 5 11 15 10 3 8 17 17 21 17 17 5 20 18 9 8 1 4 17 5 6 8 4 3 17 8 25 25 11 2 13 13 2 4 23 13 6 23 20 18 15 25 5 18 5 6 6 15 16 18 28 14 26 16 22 6 15 10 11 19 4 3 9 1 16 17 12 4 15 6 26 12 24 21 6 16 3 25 16 10 30 1 28 30 18 21 30 12 4 7 10 20 12 28 8 2 24 14 10 26 2 30 22 8 18 19 9 12 19 1 11 11 14 29 16 22 21 9 3 24 13 13 10 17 27 6 24 15 2 3 18 20 12 7 20 12 9 19 10 9 12 6 23 5 26 1 25 13 18 24 9 20 18 27 1 3 6 30 24 3 15 25 21 24 11 3 15 28 5 27 5 29 23 29 16 30 2 29 30 17 9 27 21 9 11 5 2 28 9 
p57 37184                                                                                                                                                 34.893087 
     1 1 1 1 1 1 1 1 1 1 1 1 1 1 1 1 1 1 1 1 1 1 1 1 1 1 1 1 1 1 
     20 21 2 16 10 4 9 4 7 26 10 5 11 15 10 3 8 17 17 21 17 17 5 20 18 9 8 1 4 17 5 6 8 4 3 17 8 25 25 11 2 13 13 2 4 23 13 6 23 20 18 15 25 5 18 5 6 6 15 16 18 28 14 26 16 22 6 15 10 11 19 4 3 9 1 16 17 12 4 15 6 26 12 24 21 6 16 3 25 16 10 30 1 28 30 18 21 30 12 4 7 10 20 12 28 8 2 24 14 10 26 2 30 22 8 18 19 9 12 19 1 11 11 14 29 16 22 21 9 3 24 13 13 10 17 27 6 24 15 2 3 18 20 12 7 20 12 9 19 10 9 12 6 23 5 26 1 25 13 18 24 9 20 18 27 1 3 6 30 24 3 15 25 21 24 11 3 15 28 5 27 5 29 23 29 16 30 2 29 30 17 9 27 21 9 11 5 2 28 9 
p58 58184                                                                                                                                                 36.603431 
     1 1 1 1 1 1 1 1 1 1 1 1 1 1 1 1 1 1 1 1 1 1 1 1 1 1 1 1 1 1 
     20 21 2 16 10 4 9 4 7 26 10 5 11 15 10 3 8 17 17 21 17 17 5 20 18 9 8 1 4 17 5 6 8 4 3 17 8 25 25 11 2 13 13 2 4 23 13 6 23 20 18 15 25 5 18 5 6 6 15 16 18 28 14 26 16 22 6 15 10 11 19 4 3 9 1 16 17 12 4 15 6 26 12 24 21 6 16 3 25 16 10 30 1 28 30 18 21 30 12 4 7 10 20 12 28 8 2 24 14 10 26 2 30 22 8 18 19 9 12 19 1 11 11 14 29 16 22 21 9 3 24 13 13 10 17 27 6 24 15 2 3 18 20 12 7 20 12 9 19 10 9 12 6 23 5 26 1 25 13 18 24 9 20 18 27 1 3 6 30 24 3 15 25 21 24 11 3 15 28 5 27 5 29 23 29 16 30 2 29 30 17 9 27 21 9 11 5 2 28 9 
p59 43423                                                                                                                                                 34.533170 
     1 1 1 1 1 1 1 1 1 1 1 1 1 1 1 1 1 1 1 1 1 1 1 1 1 1 1 1 1 1 
     20 21 2 16 10 4 9 4 7 26 10 5 11 15 10 3 8 17 17 21 17 17 5 20 18 9 8 1 4 17 5 6 8 4 3 17 8 25 25 11 2 13 13 2 4 23 13 6 23 20 18 15 25 5 18 5 6 6 15 16 18 28 14 26 16 22 6 15 10 11 19 4 3 9 1 16 17 12 4 15 6 26 12 24 21 6 16 3 25 16 10 30 1 28 30 18 21 30 12 4 7 10 20 12 28 8 2 24 14 10 26 2 30 22 8 18 19 9 12 19 1 11 11 14 29 16 22 21 9 3 24 13 13 10 17 27 6 24 15 2 3 18 20 12 7 20 12 9 19 10 9 12 6 23 5 26 1 25 13 18 24 9 20 18 27 1 3 6 30 24 3 15 25 21 24 11 3 15 28 5 27 5 29 23 29 16 30 2 29 30 17 9 27 21 9 11 5 2 28 9 
p60 28184                                                                                                                                                 30.437954 
     1 1 1 1 1 1 1 1 1 1 1 1 1 1 1 1 1 1 1 1 1 1 1 1 1 1 1 1 1 1 
     20 21 2 16 10 4 9 4 7 26 10 5 11 15 10 3 8 17 17 21 17 17 5 20 18 9 8 1 4 17 5 6 8 4 3 17 8 25 25 11 2 13 13 2 4 23 13 6 23 20 18 15 25 5 18 5 6 6 15 16 18 28 14 26 16 22 6 15 10 11 19 4 3 9 1 16 17 12 4 15 6 26 12 24 21 6 16 3 25 16 10 30 1 28 30 18 21 30 12 4 7 10 20 12 28 8 2 24 14 10 26 2 30 22 8 18 19 9 12 19 1 11 11 14 29 16 22 21 9 3 24 13 13 10 17 27 6 24 15 2 3 18 20 12 7 20 12 9 19 10 9 12 6 23 5 26 1 25 13 18 24 9 20 18 27 1 3 6 30 24 3 15 25 21 24 11 3 15 28 5 27 5 29 23 29 16 30 2 29 30 17 9 27 21 9 11 5 2 28 9 
p61 37184                                                                                                                                                 33.689491 
     1 1 1 1 1 1 1 1 1 1 1 1 1 1 1 1 1 1 1 1 1 1 1 1 1 1 1 1 1 1 
     20 21 2 16 10 4 9 4 7 26 10 5 11 15 10 3 8 17 17 21 17 17 5 20 18 9 8 1 4 17 5 6 8 4 3 17 8 25 25 11 2 13 13 2 4 23 13 6 23 20 18 15 25 5 18 5 6 6 15 16 18 28 14 26 16 22 6 15 10 11 19 4 3 9 1 16 17 12 4 15 6 26 12 24 21 6 16 3 25 16 10 30 1 28 30 18 21 30 12 4 7 10 20 12 28 8 2 24 14 10 26 2 30 22 8 18 19 9 12 19 1 11 11 14 29 16 22 21 9 3 24 13 13 10 17 27 6 24 15 2 3 18 20 12 7 20 12 9 19 10 9 12 6 23 5 26 1 25 13 18 24 9 20 18 27 1 3 6 30 24 3 15 25 21 24 11 3 15 28 5 27 5 29 23 29 16 30 2 29 30 17 9 27 21 9 11 5 2 28 9 
p62 58184                                                                                                                                                 36.207601 
     1 1 1 1 1 1 1 1 1 1 1 1 1 1 1 1 1 1 1 1 1 1 1 1 1 1 1 1 1 1 
     20 21 2 16 10 4 9 4 7 26 10 5 11 15 10 3 8 17 17 21 17 17 5 20 18 9 8 1 4 17 5 6 8 4 3 17 8 25 25 11 2 13 13 2 4 23 13 6 23 20 18 15 25 5 18 5 6 6 15 16 18 28 14 26 16 22 6 15 10 11 19 4 3 9 1 16 17 12 4 15 6 26 12 24 21 6 16 3 25 16 10 30 1 28 30 18 21 30 12 4 7 10 20 12 28 8 2 24 14 10 26 2 30 22 8 18 19 9 12 19 1 11 11 14 29 16 22 21 9 3 24 13 13 10 17 27 6 24 15 2 3 18 20 12 7 20 12 9 19 10 9 12 6 23 5 26 1 25 13 18 24 9 20 18 27 1 3 6 30 24 3 15 25 21 24 11 3 15 28 5 27 5 29 23 29 16 30 2 29 30 17 9 27 21 9 11 5 2 28 9 
p63 43423                                                                                                                                                 32.313896 
     1 1 1 1 1 1 1 1 1 1 1 1 1 1 1 1 1 1 1 1 1 1 1 1 1 1 1 1 1 1 
     20 21 2 16 10 4 9 4 7 26 10 5 11 15 10 3 8 17 17 21 17 17 5 20 18 9 8 1 4 17 5 6 8 4 3 17 8 25 25 11 2 13 13 2 4 23 13 6 23 20 18 15 25 5 18 5 6 6 15 16 18 28 14 26 16 22 6 15 10 11 19 4 3 9 1 16 17 12 4 15 6 26 12 24 21 6 16 3 25 16 10 30 1 28 30 18 21 30 12 4 7 10 20 12 28 8 2 24 14 10 26 2 30 22 8 18 19 9 12 19 1 11 11 14 29 16 22 21 9 3 24 13 13 10 17 27 6 24 15 2 3 18 20 12 7 20 12 9 19 10 9 12 6 23 5 26 1 25 13 18 24 9 20 18 27 1 3 6 30 24 3 15 25 21 24 11 3 15 28 5 27 5 29 23 29 16 30 2 29 30 17 9 27 21 9 11 5 2 28 9 
p64 28184                                                                                                                                                 36.273853 
     1 1 1 1 1 1 1 1 1 1 1 1 1 1 1 1 1 1 1 1 1 1 1 1 1 1 1 1 1 1 
     20 21 2 16 10 4 9 4 7 26 10 5 11 15 10 3 8 17 17 21 17 17 5 20 18 9 8 1 4 17 5 6 8 4 3 17 8 25 25 11 2 13 13 2 4 23 13 6 23 20 18 15 25 5 18 5 6 6 15 16 18 28 14 26 16 22 6 15 10 11 19 4 3 9 1 16 17 12 4 15 6 26 12 24 21 6 16 3 25 16 10 30 1 28 30 18 21 30 12 4 7 10 20 12 28 8 2 24 14 10 26 2 30 22 8 18 19 9 12 19 1 11 11 14 29 16 22 21 9 3 24 13 13 10 17 27 6 24 15 2 3 18 20 12 7 20 12 9 19 10 9 12 6 23 5 26 1 25 13 18 24 9 20 18 27 1 3 6 30 24 3 15 25 21 24 11 3 15 28 5 27 5 29 23 29 16 30 2 29 30 17 9 27 21 9 11 5 2 28 9 
p65 37184                                                                                                                                                 31.533098 
     1 1 1 1 1 1 1 1 1 1 1 1 1 1 1 1 1 1 1 1 1 1 1 1 1 1 1 1 1 1 
     20 21 2 16 10 4 9 4 7 26 10 5 11 15 10 3 8 17 17 21 17 17 5 20 18 9 8 1 4 17 5 6 8 4 3 17 8 25 25 11 2 13 13 2 4 23 13 6 23 20 18 15 25 5 18 5 6 6 15 16 18 28 14 26 16 22 6 15 10 11 19 4 3 9 1 16 17 12 4 15 6 26 12 24 21 6 16 3 25 16 10 30 1 28 30 18 21 30 12 4 7 10 20 12 28 8 2 24 14 10 26 2 30 22 8 18 19 9 12 19 1 11 11 14 29 16 22 21 9 3 24 13 13 10 17 27 6 24 15 2 3 18 20 12 7 20 12 9 19 10 9 12 6 23 5 26 1 25 13 18 24 9 20 18 27 1 3 6 30 24 3 15 25 21 24 11 3 15 28 5 27 5 29 23 29 16 30 2 29 30 17 9 27 21 9 11 5 2 28 9 
p66 58184                                                                                                                                                 30.669917 
     1 1 1 1 1 1 1 1 1 1 1 1 1 1 1 1 1 1 1 1 1 1 1 1 1 1 1 1 1 1 
     20 21 2 16 10 4 9 4 7 26 10 5 11 15 10 3 8 17 17 21 17 17 5 20 18 9 8 1 4 17 5 6 8 4 3 17 8 25 25 11 2 13 13 2 4 23 13 6 23 20 18 15 25 5 18 5 6 6 15 16 18 28 14 26 16 22 6 15 10 11 19 4 3 9 1 16 17 12 4 15 6 26 12 24 21 6 16 3 25 16 10 30 1 28 30 18 21 30 12 4 7 10 20 12 28 8 2 24 14 10 26 2 30 22 8 18 19 9 12 19 1 11 11 14 29 16 22 21 9 3 24 13 13 10 17 27 6 24 15 2 3 18 20 12 7 20 12 9 19 10 9 12 6 23 5 26 1 25 13 18 24 9 20 18 27 1 3 6 30 24 3 15 25 21 24 11 3 15 28 5 27 5 29 23 29 16 30 2 29 30 17 9 27 21 9 11 5 2 28 9 
p68 28184                                                                                                                                                 30.017815 
     1 1 1 1 1 1 1 1 1 1 1 1 1 1 1 1 1 1 1 1 1 1 1 1 1 1 1 1 1 1 
     20 21 2 16 10 4 9 4 7 26 10 5 11 15 10 3 8 17 17 21 17 17 5 20 18 9 8 1 4 17 5 6 8 4 3 17 8 25 25 11 2 13 13 2 4 23 13 6 23 20 18 15 25 5 18 5 6 6 15 16 18 28 14 26 16 22 6 15 10 11 19 4 3 9 1 16 17 12 4 15 6 26 12 24 21 6 16 3 25 16 10 30 1 28 30 18 21 30 12 4 7 10 20 12 28 8 2 24 14 10 26 2 30 22 8 18 19 9 12 19 1 11 11 14 29 16 22 21 9 3 24 13 13 10 17 27 6 24 15 2 3 18 20 12 7 20 12 9 19 10 9 12 6 23 5 26 1 25 13 18 24 9 20 18 27 1 3 6 30 24 3 15 25 21 24 11 3 15 28 5 27 5 29 23 29 16 30 2 29 30 17 9 27 21 9 11 5 2 28 9 
p69 37184                                                                                                                                                 30.006782 
     1 1 1 1 1 1 1 1 1 1 1 1 1 1 1 1 1 1 1 1 1 1 1 1 1 1 1 1 1 1 
     20 21 2 16 10 4 9 4 7 26 10 5 11 15 10 3 8 17 17 21 17 17 5 20 18 9 8 1 4 17 5 6 8 4 3 17 8 25 25 11 2 13 13 2 4 23 13 6 23 20 18 15 25 5 18 5 6 6 15 16 18 28 14 26 16 22 6 15 10 11 19 4 3 9 1 16 17 12 4 15 6 26 12 24 21 6 16 3 25 16 10 30 1 28 30 18 21 30 12 4 7 10 20 12 28 8 2 24 14 10 26 2 30 22 8 18 19 9 12 19 1 11 11 14 29 16 22 21 9 3 24 13 13 10 17 27 6 24 15 2 3 18 20 12 7 20 12 9 19 10 9 12 6 23 5 26 1 25 13 18 24 9 20 18 27 1 3 6 30 24 3 15 25 21 24 11 3 15 28 5 27 5 29 23 29 16 30 2 29 30 17 9 27 21 9 11 5 2 28 9 
p70 58184                                                                                                                                                 30.082875 
     1 1 1 1 1 1 1 1 1 1 1 1 1 1 1 1 1 1 1 1 1 1 1 1 1 1 1 1 1 1 
     20 21 2 16 10 4 9 4 7 26 10 5 11 15 10 3 8 17 17 21 17 17 5 20 18 9 8 1 4 17 5 6 8 4 3 17 8 25 25 11 2 13 13 2 4 23 13 6 23 20 18 15 25 5 18 5 6 6 15 16 18 28 14 26 16 22 6 15 10 11 19 4 3 9 1 16 17 12 4 15 6 26 12 24 21 6 16 3 25 16 10 30 1 28 30 18 21 30 12 4 7 10 20 12 28 8 2 24 14 10 26 2 30 22 8 18 19 9 12 19 1 11 11 14 29 16 22 21 9 3 24 13 13 10 17 27 6 24 15 2 3 18 20 12 7 20 12 9 19 10 9 12 6 23 5 26 1 25 13 18 24 9 20 18 27 1 3 6 30 24 3 15 25 21 24 11 3 15 28 5 27 5 29 23 29 16 30 2 29 30 17 9 27 21 9 11 5 2 28 9 
p71 43423                                                                                                                                                 30.436312 
     1 1 1 1 1 1 1 1 1 1 1 1 1 1 1 1 1 1 1 1 1 1 1 1 1 1 1 1 1 1 
     20 21 2 16 10 4 9 4 7 26 10 5 11 15 10 3 8 17 17 21 17 17 5 20 18 9 8 1 4 17 5 6 8 4 3 17 8 25 25 11 2 13 13 2 4 23 13 6 23 20 18 15 25 5 18 5 6 6 15 16 18 28 14 26 16 22 6 15 10 11 19 4 3 9 1 16 17 12 4 15 6 26 12 24 21 6 16 3 25 16 10 30 1 28 30 18 21 30 12 4 7 10 20 12 28 8 2 24 14 10 26 2 30 22 8 18 19 9 12 19 1 11 11 14 29 16 22 21 9 3 24 13 13 10 17 27 6 24 15 2 3 18 20 12 7 20 12 9 19 10 9 12 6 23 5 26 1 25 13 18 24 9 20 18 27 1 3 6 30 24 3 15 25 21 24 11 3 15 28 5 27 5 29 23 29 16 30 2 29 30 17 9 27 21 9 11 5 2 28 9 
