     Results                                                                                                                                               Time(s)   
p1  9959                                                                                                                                                  1.410358  
     1 0 1 1 0 1 1 1 1 1 
     6 8 9 3 10 10 6 7 4 3 7 4 1 1 7 10 6 1 4 10 8 7 4 6 7 10 6 8 1 4 4 9 3 1 4 8 10 4 7 9 6 8 9 9 6 8 1 3 6 7 
p2  8917                                                                                                                                                  1.245582  
     1 0 1 1 1 1 1 1 1 1 
     6 8 9 3 10 10 6 7 4 3 7 4 5 1 7 5 6 1 4 10 8 7 4 6 7 10 6 8 1 4 4 9 3 1 4 8 10 4 7 5 6 8 9 9 6 8 1 3 5 7 
p3  10702                                                                                                                                                 1.249022  
     1 1 0 1 1 1 1 1 1 1 
     6 8 9 9 10 10 6 7 4 1 7 4 5 1 7 5 6 1 4 10 8 7 4 6 7 10 6 8 1 4 4 9 6 2 4 8 10 4 7 5 6 8 9 9 2 8 1 4 5 7 
p4  11984                                                                                                                                                 1.196307  
     1 0 1 1 1 1 1 1 0 0 
     6 8 1 3 8 3 6 7 4 3 7 4 5 1 7 5 6 1 4 8 8 7 4 6 7 3 6 8 1 4 4 1 3 1 4 8 7 4 7 5 6 8 1 3 6 8 1 3 5 7 
p5  10097                                                                                                                                                 1.411151  
     1 1 1 1 0 1 1 1 1 1 
     6 8 9 3 10 10 6 7 4 3 7 4 1 1 7 10 6 1 4 10 8 7 4 6 7 10 6 8 1 4 4 9 3 2 4 8 10 4 7 9 6 8 9 9 2 8 1 3 6 7 
p6  8902                                                                                                                                                  1.301184  
     1 1 0 1 1 1 1 1 1 1 
     6 8 9 9 10 10 6 7 4 1 7 4 5 1 7 5 6 1 4 10 8 7 4 6 7 10 6 8 1 4 4 9 6 2 4 8 10 4 7 5 6 8 9 9 2 8 1 4 5 7 
p7  10702                                                                                                                                                 1.325090  
     1 1 0 1 1 1 1 1 1 1 
     6 8 9 9 10 10 6 7 4 1 7 4 5 1 7 5 6 1 4 10 8 7 4 6 7 10 6 8 1 4 4 9 6 2 4 8 10 4 7 5 6 8 9 9 2 8 1 4 5 7 
p8  12502                                                                                                                                                 1.428853  
     1 1 0 1 1 1 1 1 1 1 
     6 8 9 9 10 10 6 7 4 1 7 4 5 1 7 5 6 1 4 10 8 7 4 6 7 10 6 8 1 4 4 9 6 2 4 8 10 4 7 5 6 8 9 9 2 8 1 4 5 7 
p9  10012                                                                                                                                                 1.058417  
     1 1 0 1 1 1 1 1 1 1 
     6 8 9 9 10 10 6 7 4 1 7 4 5 1 7 5 6 1 4 10 8 7 4 6 7 10 6 8 1 4 4 9 6 2 4 8 10 4 7 5 6 8 9 9 2 8 1 4 5 7 
p10 8917                                                                                                                                                  1.038281  
     1 0 1 1 1 1 1 1 1 1 
     6 8 9 3 10 10 6 7 4 3 7 4 5 1 7 5 6 1 4 10 8 7 4 6 7 10 6 8 1 4 4 9 3 1 4 8 10 4 7 5 6 8 9 9 6 8 1 3 5 7 
p11 10717                                                                                                                                                 1.019171  
     1 0 1 1 1 1 1 1 1 1 
     6 8 9 3 10 10 6 7 4 3 7 4 5 1 7 5 6 1 4 10 8 7 4 6 7 10 6 8 1 4 4 9 3 1 4 8 10 4 7 5 6 8 9 9 6 8 1 3 5 7 
p12 12124                                                                                                                                                 1.098671  
     1 1 0 1 0 1 1 1 1 1 
     6 8 9 9 10 10 6 7 4 1 7 4 1 1 7 10 6 1 4 10 8 7 4 6 7 10 6 8 1 4 4 9 6 2 4 8 10 4 7 9 6 8 9 9 2 8 1 4 6 7 
p13 9166                                                                                                                                                  3.812904  
     1 1 0 0 1 1 1 0 1 0 0 0 1 0 1 0 1 0 0 1 
     1 7 2 6 5 15 13 9 6 5 7 6 9 7 13 20 5 1 13 2 20 17 5 15 20 9 5 17 6 7 2 1 7 5 1 9 1 7 7 2 1 7 17 20 5 6 13 15 2 9 
p14 8309                                                                                                                                                  3.675606  
     1 1 0 0 1 1 1 0 1 0 0 0 0 1 1 0 1 1 1 1 
     1 7 2 19 5 15 20 9 6 5 19 6 9 7 14 14 5 1 1 2 20 17 5 15 20 18 5 17 6 7 2 1 18 5 1 9 1 7 7 2 1 7 17 20 5 6 18 15 14 9 
p15 9979                                                                                                                                                  4.357373  
     1 1 0 0 1 1 0 0 0 0 0 0 0 0 1 0 0 1 1 1 
     1 2 2 19 5 15 20 19 6 5 19 6 18 1 2 20 5 1 1 2 20 15 5 15 20 18 5 1 6 15 2 1 18 5 1 2 1 1 1 2 1 2 20 20 5 6 18 15 2 19 
p16 11647                                                                                                                                                 3.931076  
     1 1 0 0 1 0 1 1 1 0 0 0 0 0 1 0 0 1 0 1 
     1 7 2 18 8 15 20 9 18 5 7 8 9 7 2 20 5 1 1 2 20 15 5 15 20 18 5 8 18 7 2 1 18 5 1 9 1 7 7 2 1 7 20 20 5 8 18 15 2 9 
p17 9428                                                                                                                                                  3.413664  
     1 1 0 0 1 1 1 0 1 0 0 1 1 1 1 0 0 1 0 0 
     1 7 2 18 5 15 13 12 6 5 12 6 9 7 13 14 5 1 13 2 9 15 5 15 15 18 5 1 6 7 2 1 18 5 1 9 1 7 12 2 1 7 2 18 5 6 13 15 14 9 
p18 8249                                                                                                                                                  3.521082  
     1 1 0 0 1 0 1 1 1 0 0 1 1 0 1 0 0 1 0 1 
     1 7 2 18 8 15 13 12 18 5 12 8 9 7 13 20 5 1 13 2 20 15 5 15 20 18 5 8 18 7 2 1 18 5 1 9 1 7 12 2 1 7 20 20 5 8 13 15 2 9 
p19 10024                                                                                                                                                 3.788749  
     1 1 0 0 1 1 1 1 1 0 0 1 0 0 0 0 0 0 0 1 
     1 7 2 6 8 8 20 12 6 5 12 6 9 7 12 20 5 1 1 2 20 5 5 6 20 9 5 8 6 7 2 1 7 5 1 9 1 7 12 2 1 7 20 20 5 6 2 6 2 9 
p20 11942                                                                                                                                                 3.717391  
     1 1 0 0 1 0 0 0 1 0 0 0 0 1 1 1 1 0 0 1 
     1 14 2 16 5 15 20 9 16 5 5 9 9 1 16 14 5 1 1 2 16 17 5 15 20 14 16 17 20 15 2 1 16 5 1 9 1 16 1 2 1 14 17 20 5 5 2 15 14 9 
p21 9426                                                                                                                                                  3.338551  
     1 1 0 0 1 1 0 0 1 0 0 1 1 1 1 1 0 0 0 1 
     1 14 2 16 5 15 13 12 6 5 12 6 9 12 13 14 5 1 13 2 16 15 5 15 20 14 16 1 6 15 2 1 16 5 1 9 1 16 12 2 1 14 20 20 5 6 13 15 14 9 
p22 8205                                                                                                                                                  3.361297  
     1 1 0 0 1 1 0 0 0 0 0 0 1 1 1 0 1 1 1 1 
     1 14 2 19 5 15 13 17 6 5 19 6 18 1 13 14 5 1 13 2 20 17 5 15 20 18 5 17 6 15 2 1 18 5 1 2 1 1 13 2 1 14 17 20 5 6 13 15 14 19 
p23 9947                                                                                                                                                  3.181954  
     1 0 0 0 1 1 1 0 0 0 0 0 1 1 1 1 1 0 1 0 
     1 7 15 19 5 15 13 17 6 5 19 6 16 7 13 14 5 1 13 14 16 17 5 15 15 14 16 17 6 7 5 1 7 5 1 16 1 7 7 17 1 7 17 16 5 6 13 15 14 19 
p24 12122                                                                                                                                                 3.154248  
     1 0 0 0 1 0 1 0 0 0 0 1 0 1 1 1 1 1 1 0 
     1 7 15 19 5 15 19 12 19 5 19 19 18 7 16 14 5 1 1 14 16 17 5 15 15 18 16 17 18 7 5 1 18 5 1 16 1 7 12 17 1 7 17 18 5 5 18 15 14 19 
p25 13741                                                                                                                                                 42.306718 
     0 0 0 0 1 1 0 1 1 1 1 1 0 1 0 1 0 1 1 0 1 1 1 0 0 1 0 1 0 0 
     22 11 8 8 21 9 14 19 22 14 9 14 19 22 6 9 14 9 8 6 22 28 28 8 6 23 21 9 6 18 5 14 12 10 5 22 28 9 8 6 12 14 16 11 5 8 21 9 6 8 23 14 9 8 14 22 28 9 14 26 23 14 9 8 10 5 18 23 10 5 9 23 19 22 5 11 8 9 8 8 12 14 11 11 5 22 28 9 12 6 5 14 9 10 5 9 14 19 22 6 5 18 18 10 5 23 21 9 26 6 11 21 9 6 8 23 28 9 8 6 28 21 9 6 8 23 21 9 14 26 11 14 9 8 8 22 19 9 26 26 9 14 19 11 5 23 21 9 16 26 
p26 11838                                                                                                                                                 41.327277 
     0 0 0 0 1 1 0 1 1 1 1 1 0 1 0 0 0 1 1 0 1 1 1 0 1 1 0 1 0 0 
     22 11 8 8 21 9 14 19 22 14 9 14 25 22 6 9 14 9 8 6 22 28 9 8 6 23 21 9 6 18 5 14 12 10 5 22 28 9 8 6 12 14 19 11 5 8 21 9 6 8 23 14 9 8 14 22 28 9 14 12 23 14 9 8 10 5 18 23 10 5 9 23 19 22 5 11 8 9 8 8 12 14 11 11 5 22 28 25 12 6 5 14 9 10 5 9 14 25 22 6 5 18 18 10 5 23 21 9 26 6 11 21 9 6 8 23 28 9 8 6 28 21 9 6 8 23 21 9 14 26 11 14 9 8 8 22 28 9 26 26 9 14 19 11 5 23 21 9 26 26 
p27 15067                                                                                                                                                 39.473174 
     0 0 0 1 1 1 0 1 1 1 1 1 0 1 0 0 0 0 1 0 1 1 1 1 0 1 0 1 0 0 
     22 11 8 4 21 9 14 19 22 14 9 14 19 22 6 24 14 9 8 6 22 28 28 8 6 23 21 9 6 26 5 14 12 10 5 22 28 22 8 6 12 14 19 11 5 8 21 9 6 8 23 14 9 8 14 22 28 9 4 12 23 14 9 8 10 5 14 23 10 4 9 23 19 22 5 11 8 9 8 8 12 14 11 11 5 22 28 9 12 6 5 14 9 10 5 24 14 19 22 6 5 14 23 10 4 23 21 9 26 6 11 21 9 6 8 23 28 9 8 6 28 21 9 6 8 23 21 9 14 26 11 14 9 8 8 22 19 9 26 26 9 14 19 11 5 23 21 9 26 26 
p28 16929                                                                                                                                                 36.205321 
     0 0 0 0 1 1 0 1 1 1 1 1 0 1 0 0 0 0 1 0 1 1 1 0 0 1 0 1 0 0 
     22 11 8 8 21 9 14 19 22 14 9 14 19 22 6 9 14 9 8 6 22 28 28 8 6 23 21 9 6 26 5 14 12 10 5 22 28 9 8 6 12 14 19 11 5 8 21 9 6 8 23 14 9 8 14 22 28 9 14 26 23 14 9 8 10 5 14 23 10 5 9 23 19 22 5 11 8 9 8 8 12 14 11 11 5 22 28 28 12 6 5 14 9 10 5 9 14 19 22 6 5 14 23 10 5 23 21 9 26 6 11 21 9 6 8 23 28 9 8 6 28 21 9 6 8 23 21 9 14 26 11 14 9 8 8 22 28 9 26 26 9 14 19 11 5 23 21 9 26 26 
p29 13508                                                                                                                                                 38.867353 
     0 0 0 1 1 1 0 1 1 1 1 1 0 1 0 0 0 1 1 0 1 1 1 0 0 1 0 0 0 0 
     22 11 8 4 21 9 14 19 22 14 9 14 19 22 6 9 14 9 8 6 22 9 9 8 6 23 21 9 6 18 5 14 12 10 5 22 21 22 8 6 12 14 19 11 5 8 21 9 6 8 23 14 9 8 14 22 19 9 4 12 23 14 9 8 10 5 18 23 10 4 9 23 19 22 5 11 8 9 8 8 12 14 11 11 5 22 11 9 12 6 5 14 9 10 5 9 14 19 22 6 5 18 18 10 4 23 21 9 26 6 11 21 9 6 8 23 9 9 8 6 8 21 9 6 8 23 21 9 14 26 11 14 9 8 8 22 19 9 26 26 9 14 19 11 5 23 21 9 26 26 
p30 11445                                                                                                                                                 46.079402 
     0 0 0 0 1 1 0 1 1 1 1 1 0 1 0 0 0 1 0 0 1 1 1 0 0 1 0 1 0 0 
     22 11 8 8 21 9 14 9 22 14 9 14 9 22 6 9 14 9 8 6 22 28 9 8 6 23 21 9 6 18 5 14 12 10 5 22 28 9 8 6 12 14 11 11 5 8 21 9 6 8 23 14 9 8 14 22 28 9 14 26 23 14 9 8 10 5 18 23 10 5 9 23 9 22 5 11 8 9 8 8 12 14 11 11 5 22 28 28 12 6 5 14 9 10 5 9 14 9 22 6 5 18 18 10 5 23 21 9 26 6 11 21 9 6 8 23 28 9 8 6 28 21 9 6 8 23 21 9 14 26 11 14 9 8 8 22 28 9 26 26 9 14 11 11 5 23 21 9 26 26 
p31 14129                                                                                                                                                 43.541690 
     0 0 0 0 1 1 0 1 1 1 1 1 0 1 0 0 0 0 1 0 1 1 1 0 0 1 0 1 0 0 
     22 11 8 8 21 9 14 19 22 14 9 14 19 22 6 9 14 9 8 6 22 28 28 8 6 23 21 9 6 26 5 14 12 10 5 22 28 22 8 6 12 14 19 11 5 8 21 9 6 8 23 14 9 8 14 22 28 9 14 12 23 14 9 8 10 5 14 23 10 5 9 23 19 22 5 11 8 9 8 8 12 14 11 11 5 22 28 28 12 6 5 14 9 10 5 9 14 19 22 6 5 14 23 10 5 23 21 9 26 6 11 21 9 6 8 23 28 9 8 6 28 21 9 6 8 23 21 9 14 26 11 14 9 8 8 22 28 9 26 26 9 14 19 11 5 23 21 9 26 26 
p32 18238                                                                                                                                                 41.783131 
     0 0 0 0 1 1 0 1 1 1 1 1 0 1 0 0 0 1 1 0 1 1 1 0 1 1 0 1 0 0 
     22 11 8 8 21 9 14 19 22 14 9 14 25 22 6 9 14 9 8 6 22 28 28 8 6 23 21 9 6 18 5 14 12 10 5 22 28 9 8 6 12 14 19 11 5 8 21 9 6 8 23 14 9 8 14 22 28 9 14 26 23 14 9 8 10 5 18 23 10 5 9 23 19 22 5 11 8 9 8 8 12 14 11 11 5 22 28 25 12 6 5 14 9 10 5 9 14 25 22 6 5 18 18 10 5 23 21 9 26 6 11 21 9 6 8 23 28 9 8 6 28 21 9 6 8 23 21 9 14 26 11 14 9 8 8 22 28 9 26 26 9 14 19 11 5 23 21 9 26 26 
p33 13192                                                                                                                                                 34.937030 
     0 0 0 0 1 1 0 1 1 1 1 1 0 1 0 0 0 0 1 0 1 1 1 0 1 1 1 0 0 0 
     22 11 8 8 21 9 14 19 22 14 27 14 25 22 6 9 14 9 8 6 22 9 9 8 6 23 21 9 6 26 5 14 12 10 5 22 21 22 8 6 12 14 19 11 5 8 21 9 6 8 23 14 9 8 14 22 19 9 14 26 23 14 9 8 10 5 14 23 10 5 9 23 19 22 5 11 8 9 8 8 12 14 11 11 5 22 11 25 12 6 5 14 9 10 5 27 14 25 22 6 5 14 23 10 5 23 21 9 26 6 11 21 9 6 8 23 9 9 8 6 8 21 9 6 8 23 21 9 14 27 11 14 9 8 8 22 19 9 26 26 9 14 19 11 5 23 21 9 26 26 
p34 11691                                                                                                                                                 35.653913 
     0 0 0 0 1 1 0 1 1 1 1 1 0 1 0 1 0 0 0 0 1 1 1 0 1 1 0 1 0 0 
     22 11 8 8 21 9 14 9 22 14 9 14 25 22 6 9 14 9 8 6 22 28 9 8 6 23 21 9 6 26 5 14 12 10 5 22 28 9 8 6 12 14 16 11 5 8 21 9 6 8 23 14 9 8 14 22 28 9 14 26 23 14 9 8 10 5 14 23 10 5 9 23 25 22 5 11 8 9 8 8 12 14 11 11 5 22 28 25 12 6 5 14 9 10 5 9 14 25 22 6 5 14 23 10 5 23 21 9 26 6 11 21 9 6 8 23 28 9 8 6 28 21 9 6 8 23 21 9 14 26 11 14 9 8 8 22 28 9 26 26 9 14 11 11 5 23 21 9 16 26 
p35 14167                                                                                                                                                 36.789645 
     0 0 0 0 1 1 0 1 1 1 1 1 0 1 0 0 0 0 1 0 1 1 1 0 1 1 0 0 0 0 
     22 11 8 8 21 9 14 19 22 14 9 14 25 22 6 9 14 9 8 6 22 9 9 8 6 23 21 9 6 26 5 14 12 10 5 22 21 22 8 6 12 14 19 11 5 8 21 9 6 8 23 14 9 8 14 22 19 9 14 12 23 14 9 8 10 5 14 23 10 5 9 23 19 22 5 11 8 9 8 8 12 14 11 11 5 22 11 25 12 6 5 14 9 10 5 9 14 25 22 6 5 14 23 10 5 23 21 9 26 6 11 21 9 6 8 23 9 9 8 6 8 21 9 6 8 23 21 9 14 26 11 14 9 8 8 22 19 9 26 26 9 14 19 11 5 23 21 9 26 26 
p36 16367                                                                                                                                                 37.097015 
     0 0 0 1 1 1 0 1 1 1 1 1 0 1 0 0 0 0 1 0 0 1 1 0 0 0 0 1 0 0 
     22 11 8 4 6 9 14 19 22 14 9 14 19 22 6 9 14 9 8 6 22 28 28 8 6 23 28 9 6 28 5 14 12 10 5 22 28 9 8 6 12 14 19 11 5 8 28 9 6 8 23 14 9 8 14 22 28 9 4 12 23 14 9 8 10 5 14 23 10 4 9 23 19 22 5 11 8 9 8 8 12 14 11 11 5 22 28 9 12 6 5 14 9 10 5 9 14 19 22 6 5 14 23 10 4 23 28 9 9 6 11 28 9 6 8 23 28 9 8 6 28 8 9 6 8 23 28 9 14 12 11 14 9 8 8 22 28 9 4 12 9 14 19 11 5 23 28 9 9 12 
p37 13421                                                                                                                                                 34.256607 
     0 0 0 0 1 1 0 1 1 1 1 1 0 1 0 1 0 0 1 0 1 1 1 0 0 1 0 1 0 0 
     22 11 8 8 21 9 14 19 22 14 9 14 19 22 6 9 14 9 8 6 22 28 28 8 6 23 21 9 6 26 5 14 12 10 5 22 28 9 8 6 12 14 16 11 5 8 21 9 6 8 23 14 9 8 14 22 28 9 14 12 23 14 9 8 10 5 14 23 10 5 9 23 19 22 5 11 8 9 8 8 12 14 11 11 5 22 28 9 12 6 5 14 9 10 5 9 14 19 22 6 5 14 23 10 5 23 21 9 26 6 11 21 9 6 8 23 28 9 8 6 28 21 9 6 8 23 21 9 14 26 11 14 9 8 8 22 19 9 26 26 9 14 19 11 5 23 21 9 16 26 
p38 11596                                                                                                                                                 34.787824 
     0 0 0 0 1 1 0 1 1 1 1 1 0 1 0 0 0 0 1 0 1 1 1 0 1 1 0 1 0 0 
     22 11 8 8 21 9 14 19 22 14 9 14 25 22 6 9 14 9 8 6 22 28 28 8 6 23 21 9 6 26 5 14 12 10 5 22 28 9 8 6 12 14 19 11 5 8 21 9 6 8 23 14 9 8 14 22 28 9 14 26 23 14 9 8 10 5 14 23 10 5 9 23 19 22 5 11 8 9 8 8 12 14 11 11 5 22 28 25 12 6 5 14 9 10 5 9 14 25 22 6 5 14 23 10 5 23 21 9 26 6 11 21 9 6 8 23 28 9 8 6 28 21 9 6 8 23 21 9 14 26 11 14 9 8 8 22 19 9 26 26 9 14 19 11 5 23 21 9 26 26 
p39 14129                                                                                                                                                 33.092461 
     0 0 0 0 1 1 0 1 1 1 1 1 0 1 0 0 0 0 1 0 1 1 1 0 0 1 0 1 0 0 
     22 11 8 8 21 9 14 19 22 14 9 14 19 22 6 9 14 9 8 6 22 28 28 8 6 23 21 9 6 26 5 14 12 10 5 22 28 22 8 6 12 14 19 11 5 8 21 9 6 8 23 14 9 8 14 22 28 9 14 26 23 14 9 8 10 5 14 23 10 5 9 23 19 22 5 11 8 9 8 8 12 14 11 11 5 22 28 9 12 6 5 14 9 10 5 9 14 19 22 6 5 14 23 10 5 23 21 9 26 6 11 21 9 6 8 23 28 9 8 6 28 21 9 6 8 23 21 9 14 26 11 14 9 8 8 22 19 9 26 26 9 14 19 11 5 23 21 9 26 26 
p40 18319                                                                                                                                                 33.404910 
     0 0 0 1 1 1 0 1 1 1 1 1 1 1 0 0 0 0 1 0 1 1 1 0 1 1 0 0 0 0 
     22 11 8 4 21 9 14 19 22 14 9 14 25 22 6 9 14 9 8 6 22 9 9 8 6 23 21 9 6 26 5 14 12 10 5 22 21 9 8 6 12 14 19 11 5 8 21 9 6 8 23 14 9 8 14 22 19 9 4 12 23 14 9 8 10 5 14 23 10 4 9 23 19 22 5 11 13 9 8 8 12 14 11 11 5 22 11 25 12 6 5 14 9 10 5 9 14 25 22 6 5 14 23 10 4 23 21 9 26 6 11 21 9 6 8 23 9 9 8 6 8 21 9 6 13 23 21 9 14 26 11 14 9 8 8 22 19 9 26 26 9 14 19 11 5 23 21 9 26 26 
p41 8714                                                                                                                                                  3.136795  
     1 1 1 1 1 1 1 1 1 1 
     3 9 9 2 7 9 5 4 1 4 10 2 9 10 2 3 3 7 5 3 1 6 1 7 7 8 2 8 8 10 5 4 8 4 5 1 3 1 8 2 10 1 10 3 1 1 1 6 2 6 8 4 10 1 2 10 1 8 9 2 6 9 7 5 7 6 6 2 6 4 6 1 9 9 9 1 7 9 4 10 1 6 2 6 6 9 5 6 7 8 
p42 8183                                                                                                                                                  7.349055  
     1 1 0 1 1 1 0 1 1 1 1 1 0 0 1 0 1 1 0 0 
     17 18 1 8 10 11 1 8 18 9 17 6 8 10 2 6 8 10 2 6 4 1 6 5 15 12 10 10 10 11 1 8 12 6 4 12 4 2 5 5 2 15 18 11 11 2 5 5 1 5 17 1 8 10 15 6 4 15 18 11 5 18 9 8 9 8 11 12 9 9 12 6 6 12 8 17 15 12 8 9 
p43 7369                                                                                                                                                  10.261047 
     0 1 0 1 0 0 1 0 1 1 0 1 0 0 1 0 0 1 0 0 0 1 1 0 0 0 1 0 0 1 
     23 22 22 23 18 22 4 7 4 30 10 30 22 30 15 10 30 18 2 7 18 7 23 7 10 23 30 10 15 12 23 12 9 23 7 18 9 23 27 22 15 9 15 10 12 15 7 15 18 2 9 12 4 7 2 4 4 15 15 27 27 12 7 27 30 2 23 15 2 30 
p44 11938                                                                                                                                                 4.349713  
     1 1 1 1 1 1 1 1 1 1 
     10 2 2 8 2 3 10 4 8 9 8 2 1 4 1 8 5 9 9 8 9 1 5 5 8 6 5 1 2 8 5 9 4 4 3 6 4 2 2 8 1 3 2 1 10 2 2 2 7 8 10 1 9 10 9 3 2 7 7 2 6 8 7 10 10 2 7 7 8 1 4 1 9 8 10 1 6 6 8 6 5 2 8 8 7 9 9 3 2 4 
p45 10387                                                                                                                                                 7.029520  
     1 0 0 0 1 1 1 0 0 1 1 0 0 0 1 1 1 1 1 1 
     7 20 16 11 10 20 5 10 19 1 1 1 20 1 1 6 18 7 11 7 1 16 17 18 15 20 18 10 20 1 19 20 18 1 11 17 19 1 19 19 11 1 19 10 18 7 11 17 18 7 11 1 20 1 15 5 18 15 17 15 10 20 18 11 5 15 6 18 18 15 11 16 10 20 15 11 5 19 16 11 
p46 8891                                                                                                                                                  13.048366 
     1 1 0 1 1 0 1 1 0 0 0 0 1 0 1 0 1 0 1 0 0 1 0 1 0 0 0 0 1 1 
     2 5 19 24 8 7 15 17 7 1 2 2 17 8 24 8 7 8 2 19 13 30 4 15 15 30 5 4 8 29 1 29 7 29 7 8 13 2 29 7 29 8 8 17 4 22 19 1 29 19 13 22 24 4 30 4 17 15 7 19 5 29 7 30 22 8 30 13 30 1 
p47 12793                                                                                                                                                 4.786709  
     1 1 0 1 0 1 1 1 1 1 
     6 9 1 9 2 10 8 10 8 10 4 7 2 7 10 8 10 9 9 10 4 9 7 10 8 10 1 9 10 9 2 7 10 2 10 1 9 8 2 10 1 9 2 8 1 4 8 8 6 9 1 1 2 1 4 8 2 7 2 9 7 8 1 1 8 1 6 9 6 6 1 1 1 9 1 7 2 6 8 8 1 2 1 1 9 2 6 8 9 6 
p48 10681                                                                                                                                                 10.631692 
     1 1 0 1 0 1 0 0 0 1 1 0 1 1 0 1 0 0 1 0 
     4 1 13 1 6 1 13 1 13 2 2 1 14 4 2 1 16 1 2 1 19 2 2 1 19 6 2 1 19 10 2 1 16 13 1 1 19 19 1 1 16 16 6 4 16 13 4 4 16 13 11 10 16 13 13 10 1 13 19 2 1 13 19 2 1 13 10 6 1 14 10 11 2 1 10 14 2 1 10 16 
p49 8373                                                                                                                                                  14.212248 
     1 1 0 1 0 1 0 0 0 0 1 0 1 0 1 0 0 0 0 1 0 0 0 1 0 0 0 0 1 1 
     1 30 13 2 24 6 13 11 6 20 2 30 2 13 15 4 30 1 2 13 1 24 6 30 4 30 15 1 29 1 24 11 2 24 6 29 6 4 20 2 29 1 29 15 24 24 2 20 6 29 24 1 29 4 29 15 1 29 1 24 11 4 20 1 30 6 24 20 1 30 
p50 8492                                                                                                                                                  5.955018  
     1 1 1 0 0 1 1 1 1 1 
     2 2 1 10 1 6 9 3 9 2 6 3 7 7 2 3 1 3 9 2 6 8 7 7 6 10 9 6 3 6 1 10 8 3 10 1 9 6 1 6 3 2 8 10 10 3 9 10 9 6 7 8 7 6 6 2 9 6 8 6 2 3 1 10 1 3 9 3 9 2 10 10 7 1 10 2 9 6 10 6 1 8 7 10 10 2 9 6 9 6 6 6 7 7 2 10 1 3 9 1 
p51 8682                                                                                                                                                  13.498838 
     1 1 0 0 0 1 1 1 1 1 1 1 1 0 0 1 1 0 0 1 
     2 20 13 13 12 10 7 12 9 10 7 7 12 9 8 12 8 13 20 9 6 7 13 9 9 7 16 12 9 8 2 20 17 13 12 1 7 12 10 8 7 7 12 9 8 1 7 12 9 9 2 20 16 13 9 6 8 13 9 9 6 7 20 1 9 6 17 20 1 11 12 20 13 20 9 1 13 11 9 1 8 7 20 9 9 1 13 10 9 1 6 17 13 1 12 1 13 10 16 1 
p52 14015                                                                                                                                                 7.140274  
     1 1 1 1 1 1 1 1 1 1 
     9 10 4 9 9 3 5 10 10 1 2 10 4 9 1 4 7 10 10 2 6 2 4 9 6 5 8 10 10 8 9 3 4 9 7 2 5 4 10 9 10 4 4 9 7 3 5 10 10 8 9 10 4 3 10 6 2 10 5 5 3 2 4 9 2 4 1 2 1 3 8 4 4 9 6 5 8 10 10 10 9 10 4 3 9 2 6 10 10 1 9 10 10 2 10 6 2 10 10 5 
p53 12931                                                                                                                                                 11.306278 
     1 1 0 1 1 1 0 1 1 1 0 1 1 1 0 1 0 0 1 1 
     20 4 13 5 10 9 4 12 14 10 20 4 16 2 12 20 4 12 14 10 9 4 12 5 10 6 19 6 8 20 14 4 13 9 10 14 4 13 5 10 20 4 16 20 12 20 10 16 2 13 12 4 13 9 10 20 4 16 20 10 20 1 9 6 10 20 4 9 6 10 2 19 14 20 1 20 4 16 2 5 2 19 13 8 20 20 19 14 20 13 1 19 2 1 1 14 4 13 5 10 
p54 12466                                                                                                                                                 6.464613  
     1 1 1 0 1 1 1 0 1 1 
     5 10 1 10 1 5 5 9 10 1 10 10 3 10 3 2 7 5 10 1 10 1 3 10 3 2 7 5 10 1 10 10 9 6 9 2 7 5 10 1 5 10 3 10 3 2 5 5 6 1 5 10 1 10 3 2 7 2 10 1 5 10 1 10 1 5 9 2 10 1 3 1 3 10 3 2 7 5 10 1 5 10 1 10 3 2 7 2 10 1 1 1 3 10 3 2 7 5 10 6 
p55 11163                                                                                                                                                 11.577010 
     1 0 1 0 1 0 1 0 1 1 0 0 0 0 1 0 0 1 0 1 
     20 20 9 7 10 20 1 3 7 10 10 3 3 15 10 20 1 3 5 10 5 3 3 15 10 5 3 3 7 9 20 9 9 7 10 20 20 15 9 10 10 3 3 15 10 20 20 3 5 10 20 20 1 9 10 20 20 1 1 10 20 7 3 7 10 20 20 3 5 10 20 9 9 7 10 5 3 3 5 3 3 3 3 15 10 1 3 3 15 18 1 3 3 15 18 20 20 3 9 10 
p56 27571                                                                                                                                                 49.458502 
     1 1 1 1 1 1 1 1 1 1 1 1 1 1 1 1 1 1 0 1 1 1 1 1 1 1 1 1 0 1 
     20 21 2 16 10 4 9 4 7 26 10 5 11 15 10 3 8 17 17 21 17 17 5 20 18 9 8 1 4 17 5 6 8 4 3 17 8 25 25 11 2 13 13 2 4 23 13 6 23 20 18 15 25 5 18 5 6 6 15 16 18 28 14 26 16 22 6 15 10 11 30 4 3 9 6 16 17 12 4 15 6 26 12 24 21 6 16 3 25 16 10 30 1 28 30 18 21 30 12 4 7 10 20 12 28 8 2 24 14 10 26 2 30 22 8 18 21 9 12 3 1 11 11 14 2 16 22 21 9 3 24 13 13 10 17 27 6 24 15 2 3 18 20 12 7 20 12 9 12 10 9 12 6 23 5 26 1 25 13 18 24 9 20 18 27 1 3 6 30 24 3 15 25 21 24 11 3 15 28 5 27 5 20 23 22 16 30 2 9 30 17 9 27 21 9 11 5 2 28 9 
p57 36219                                                                                                                                                 54.518939 
     1 1 1 1 1 1 1 1 1 1 1 1 1 0 1 1 1 1 1 1 1 1 1 1 1 1 1 0 1 1 
     20 21 2 16 10 4 9 4 7 26 10 5 11 15 10 3 8 17 17 21 17 17 5 20 18 9 8 1 4 17 5 6 8 4 3 17 8 25 25 11 2 13 13 2 4 23 13 6 23 20 18 15 25 5 18 5 6 6 15 16 18 12 23 26 16 22 6 15 10 11 19 4 3 9 6 16 17 12 4 15 6 26 12 24 21 6 16 3 25 16 10 30 1 9 30 18 21 30 12 4 7 10 20 12 7 8 2 24 12 10 26 2 30 22 8 18 19 9 12 19 1 11 11 23 29 16 22 21 9 3 24 13 13 10 17 27 6 24 15 2 3 18 20 12 7 20 12 9 19 10 9 12 6 23 5 26 1 25 13 18 24 9 20 18 27 1 3 6 30 24 3 15 25 21 24 11 3 15 15 5 27 5 29 23 29 16 30 2 29 30 17 9 27 21 9 11 5 2 1 9 
p58 55577                                                                                                                                                 55.274879 
     1 1 1 1 1 1 1 1 1 1 1 1 1 0 1 1 1 1 1 1 1 1 1 1 1 1 1 1 0 1 
     20 21 2 16 10 4 9 4 7 26 10 5 11 15 10 3 8 17 17 21 17 17 5 20 18 9 8 1 4 17 5 6 8 4 3 17 8 25 25 11 2 13 13 2 4 23 13 6 23 20 18 15 25 5 18 5 6 6 15 16 18 28 23 26 16 22 6 15 10 11 19 4 3 9 1 16 17 12 4 15 6 26 12 24 21 6 16 3 25 16 10 30 1 28 30 18 21 30 12 4 7 10 20 12 28 8 2 24 12 10 26 2 30 22 8 18 19 9 12 19 1 11 11 23 2 16 22 21 9 3 24 13 13 10 17 27 6 24 15 2 3 18 20 12 7 20 12 9 19 10 9 12 6 23 5 26 1 25 13 18 24 9 20 18 27 1 3 6 30 24 3 15 25 21 24 11 3 15 28 5 27 5 20 23 22 16 30 2 9 30 17 9 27 21 9 11 5 2 28 9 
p59 42030                                                                                                                                                 49.247431 
     1 1 1 1 1 1 1 1 1 1 1 1 1 1 1 1 1 0 1 1 1 0 1 1 1 1 1 1 1 1 
     20 21 2 16 10 4 9 4 7 26 10 5 11 15 10 3 8 17 17 21 17 17 5 20 17 9 8 1 4 17 5 6 8 4 3 17 8 25 25 11 2 13 13 2 4 23 13 6 23 20 4 15 25 5 25 5 6 6 15 16 13 28 14 26 16 25 6 15 10 11 19 4 3 9 1 16 17 12 4 15 6 26 12 24 21 6 16 3 25 16 10 30 1 28 30 27 21 30 12 4 7 10 20 12 28 8 2 24 14 10 26 2 30 2 8 12 19 9 12 19 1 11 11 14 29 16 15 21 9 3 24 13 13 10 17 27 6 24 15 2 3 24 20 12 7 20 12 9 19 10 9 12 6 23 5 26 1 25 13 29 24 9 20 16 27 1 3 6 30 24 3 15 25 21 24 11 3 15 28 5 27 5 29 23 29 16 30 2 29 30 17 9 27 21 9 11 5 2 28 9 
p60 27416                                                                                                                                                 53.941770 
     1 1 1 1 1 1 1 1 1 1 1 1 1 0 1 1 1 1 1 1 1 0 1 1 1 1 1 1 1 1 
     20 21 2 16 10 4 9 4 7 26 10 5 11 15 10 3 8 17 17 21 17 17 5 20 18 9 8 1 4 17 5 6 8 4 3 17 8 25 25 11 2 13 13 2 4 23 13 6 23 20 18 15 25 5 18 5 6 6 15 16 18 28 23 26 16 25 6 15 10 11 19 4 3 9 6 16 17 12 4 15 6 26 12 24 21 6 16 3 25 16 10 30 1 28 30 18 21 30 12 4 7 10 20 12 28 8 2 24 12 10 26 2 30 2 8 18 19 9 12 19 1 11 11 23 29 16 15 21 9 3 24 13 13 10 17 27 6 24 15 2 3 18 20 12 7 20 12 9 19 10 9 12 6 23 5 26 1 25 13 18 24 9 20 18 27 1 3 6 30 24 3 15 25 21 24 11 3 15 28 5 27 5 29 23 29 16 30 2 29 30 17 9 27 21 9 11 5 2 28 9 
p61 36238                                                                                                                                                 53.950443 
     1 1 1 0 1 1 1 1 1 0 1 1 1 1 1 1 1 1 1 1 1 1 1 1 1 1 1 1 1 1 
     20 21 2 16 3 27 9 7 7 26 20 5 11 15 28 3 8 17 17 21 17 17 5 20 18 9 8 1 21 17 5 6 8 15 3 17 8 25 25 11 2 13 13 2 23 23 13 6 23 20 18 15 25 5 18 5 6 6 15 16 18 28 14 26 16 22 6 15 25 11 19 23 3 9 1 16 17 12 16 15 6 26 12 24 21 6 16 3 25 16 20 30 1 28 30 18 21 30 12 8 7 18 20 12 28 8 2 24 14 19 26 2 30 22 8 18 19 9 12 19 1 11 11 14 29 16 22 21 9 3 24 13 13 28 17 27 6 24 15 2 3 18 20 12 7 20 12 9 19 19 9 12 6 23 5 26 1 25 13 18 24 9 20 18 27 1 3 6 30 24 3 15 25 21 24 11 3 15 28 5 27 5 29 23 29 16 30 2 29 30 17 9 27 21 9 11 5 2 28 9 
p62 53079                                                                                                                                                 57.069905 
     1 1 1 1 1 1 1 1 1 1 1 1 1 1 1 1 1 0 0 0 1 1 1 1 1 0 1 1 1 1 
     24 21 2 16 10 4 9 4 7 6 10 5 11 15 10 3 8 17 17 21 17 17 5 6 17 9 8 1 4 17 5 6 8 4 3 17 8 25 25 11 2 13 13 2 4 23 13 6 23 23 4 15 25 5 25 5 6 6 15 16 13 28 14 30 16 22 6 15 10 11 30 4 3 9 1 16 17 12 4 15 6 13 12 24 21 6 16 3 25 16 10 30 1 28 30 27 21 30 12 4 7 10 28 12 28 8 2 24 14 10 8 2 30 22 8 12 21 9 12 3 1 11 11 14 29 16 22 21 9 3 24 13 13 10 17 27 6 24 15 2 3 24 28 12 7 14 12 9 12 10 9 12 6 23 5 25 1 25 13 29 24 9 29 16 27 1 3 6 30 24 3 15 25 21 24 11 3 15 28 5 27 5 29 23 29 16 30 2 29 30 17 9 27 21 9 11 5 2 28 9 
p63 41092                                                                                                                                                 48.993204 
     1 1 1 1 1 1 1 1 1 1 1 1 1 0 0 1 1 1 1 1 0 1 1 1 1 1 1 1 0 1 
     20 23 2 16 10 4 9 4 7 26 10 5 11 13 10 3 8 17 17 6 17 17 5 20 18 9 8 1 4 17 5 6 8 4 3 17 8 25 25 11 2 13 13 2 4 23 13 6 23 20 18 20 25 5 18 5 6 6 19 16 18 28 23 26 16 22 6 8 10 11 19 4 3 9 6 16 17 12 4 17 6 26 12 24 13 6 16 3 25 16 10 30 1 28 30 18 3 30 12 4 7 10 20 12 28 8 2 24 12 10 26 2 30 22 8 18 19 9 12 19 1 11 11 23 2 16 22 22 9 3 24 13 13 10 17 27 6 24 23 2 3 18 20 12 7 20 12 9 19 10 9 12 6 23 5 26 1 25 13 18 24 9 20 18 27 1 3 6 30 24 3 20 25 5 24 11 3 19 28 5 27 5 20 23 22 16 30 2 9 30 17 9 27 10 9 11 5 2 28 9 
p64 27753                                                                                                                                                 51.190853 
     1 1 1 1 1 1 1 1 1 1 1 1 1 1 1 1 1 1 0 1 1 1 1 1 1 1 1 1 1 1 
     20 21 2 16 10 4 9 4 7 26 10 5 11 15 10 3 8 17 17 21 17 17 5 20 18 9 8 1 4 17 5 6 8 4 3 17 8 25 25 11 2 13 13 2 4 23 13 6 23 20 18 15 25 5 18 5 6 6 15 16 18 28 14 26 16 22 6 15 10 11 30 4 3 9 6 16 17 12 4 15 6 26 12 24 21 6 16 3 25 16 10 30 1 28 30 18 21 30 12 4 7 10 20 12 28 8 2 24 14 10 26 2 30 22 8 18 21 9 12 3 1 11 11 14 29 16 22 21 9 3 24 13 13 10 17 27 6 24 15 2 3 18 20 12 7 20 12 9 12 10 9 12 6 23 5 26 1 25 13 18 24 9 20 18 27 1 3 6 30 24 3 15 25 21 24 11 3 15 28 5 27 5 29 23 29 16 30 2 29 30 17 9 27 21 9 11 5 2 28 9 
p65 35297                                                                                                                                                 50.464853 
     1 1 1 1 1 1 1 1 1 1 1 1 1 0 1 1 1 1 1 1 1 1 1 0 1 1 1 1 1 0 
     20 21 2 16 10 4 9 4 7 26 10 5 11 15 10 3 8 17 17 21 17 17 5 20 18 9 8 1 4 17 5 6 8 4 3 17 8 25 25 11 2 13 13 2 4 23 13 6 23 20 18 15 25 5 18 5 6 6 15 16 18 28 23 26 16 22 6 15 10 11 19 4 3 9 1 16 17 12 4 15 6 26 12 25 21 6 16 3 25 16 10 8 1 28 8 18 21 9 12 4 7 10 20 12 28 8 2 12 12 10 26 2 10 22 8 18 19 9 12 19 1 11 11 23 29 16 22 21 9 3 11 13 13 10 17 27 6 6 15 2 3 18 20 12 7 20 12 9 19 10 9 12 6 23 5 26 1 25 13 18 27 9 20 18 27 1 3 6 20 23 3 15 25 21 13 11 3 15 28 5 27 5 29 23 29 16 28 2 29 21 17 9 27 21 9 11 5 2 28 9 
p66 54288                                                                                                                                                 56.384988 
     1 1 1 1 1 1 1 1 1 1 1 1 1 0 1 0 1 1 1 1 1 1 1 1 1 1 1 1 0 1 
     20 21 2 9 10 4 9 4 7 26 10 5 11 15 10 3 8 17 17 21 17 17 5 20 18 9 8 1 4 17 5 6 8 4 3 17 8 25 25 11 2 13 13 2 4 23 13 6 23 20 18 15 25 5 18 5 6 6 15 2 18 28 23 26 1 22 6 15 10 11 19 4 3 9 1 7 17 12 4 15 6 26 12 24 21 6 5 3 25 6 10 30 1 28 30 18 21 30 12 4 7 10 20 12 28 8 2 24 12 10 26 2 30 22 8 18 19 9 12 19 1 11 11 23 2 12 22 21 9 3 24 13 13 10 17 27 6 24 15 2 3 18 20 12 7 20 12 9 19 10 9 12 6 23 5 26 1 25 13 18 24 9 20 18 27 1 3 6 30 24 3 15 25 21 24 11 3 15 28 5 27 5 20 23 22 12 30 2 9 30 17 9 27 21 9 11 5 2 28 9 
p68 27097                                                                                                                                                 48.677458 
     1 1 1 1 1 1 1 1 1 1 1 1 1 0 1 1 1 1 0 1 0 1 1 1 1 1 1 1 1 1 
     20 23 2 16 10 4 9 4 7 26 10 5 11 15 10 3 8 17 17 6 17 17 5 20 18 9 8 1 4 17 5 6 8 4 3 17 8 25 25 11 2 13 13 2 4 23 13 6 23 20 18 15 25 5 18 5 6 6 15 16 18 28 23 26 16 22 6 15 10 11 30 4 3 9 1 16 17 12 4 15 6 26 12 24 13 6 16 3 25 16 10 30 1 28 30 18 3 30 12 4 7 10 20 12 28 8 2 24 12 10 26 2 30 22 8 18 2 9 12 3 1 11 11 23 29 16 22 22 9 3 24 13 13 10 17 27 6 24 15 2 3 18 20 12 7 20 12 9 12 10 9 12 6 23 5 26 1 25 13 18 24 9 20 18 27 1 3 6 30 24 3 15 25 5 24 11 3 15 28 5 27 5 29 23 29 16 30 2 29 30 17 9 27 10 9 11 5 2 28 9 
p69 36541                                                                                                                                                 49.737445 
     1 1 1 1 1 1 1 1 1 1 1 1 1 1 1 1 1 1 1 1 1 0 1 1 1 1 1 1 1 1 
     20 21 2 16 10 4 9 4 7 26 10 5 11 15 10 3 8 17 17 21 17 17 5 20 18 9 8 1 4 17 5 6 8 4 3 17 8 25 25 11 2 13 13 2 4 23 13 6 23 20 18 15 25 5 18 5 6 6 15 16 18 28 14 26 16 25 6 15 10 11 19 4 3 9 1 16 17 12 4 15 6 26 12 24 21 6 16 3 25 16 10 30 1 28 30 18 21 30 12 4 7 10 20 12 28 8 2 24 14 10 26 2 30 2 8 18 19 9 12 19 1 11 11 14 29 16 15 21 9 3 24 13 13 10 17 27 6 24 15 2 3 18 20 12 7 20 12 9 19 10 9 12 6 23 5 26 1 25 13 18 24 9 20 18 27 1 3 6 30 24 3 15 25 21 24 11 3 15 28 5 27 5 29 23 29 16 30 2 29 30 17 9 27 21 9 11 5 2 28 9 
p70 54073                                                                                                                                                 52.000632 
     1 1 1 1 1 1 0 0 1 1 1 1 1 1 1 1 1 1 0 1 1 1 1 1 1 1 1 1 1 1 
     20 21 2 16 10 4 9 4 25 26 10 5 11 15 10 3 15 17 17 21 17 17 5 20 18 9 22 1 4 17 5 6 15 4 3 17 15 25 25 11 2 13 13 2 4 23 13 6 23 20 18 15 25 5 18 5 6 6 15 16 18 28 14 26 16 22 6 15 10 11 30 4 3 9 6 16 17 12 4 15 6 26 12 24 21 6 16 3 25 16 10 30 1 28 30 18 21 30 12 4 30 10 20 12 28 20 2 24 14 10 26 2 30 22 30 18 21 9 12 3 1 11 11 14 29 16 22 21 9 3 24 13 13 10 17 27 6 24 15 2 3 18 20 12 12 20 12 9 12 10 9 12 6 23 5 26 1 25 13 18 24 9 20 18 27 1 3 6 30 24 3 15 25 21 24 11 3 15 28 5 27 5 29 23 29 16 30 2 29 30 17 9 27 21 9 11 5 2 28 9 
p71 40186                                                                                                                                                 52.631459 
     1 1 1 1 1 1 1 1 1 1 1 1 0 1 1 0 1 1 1 1 1 1 0 1 1 1 1 1 1 0 
     20 21 2 9 10 4 9 4 7 26 10 5 11 15 10 3 8 17 17 21 17 17 5 20 18 9 8 1 4 17 5 6 8 4 3 17 8 25 25 11 2 26 27 2 4 6 4 6 20 20 18 15 25 5 18 5 6 6 15 2 18 28 14 26 1 22 6 15 10 11 19 4 3 9 6 7 17 12 4 15 6 26 12 24 21 6 5 3 25 6 10 8 1 28 8 18 21 9 12 4 7 10 20 12 28 8 2 24 14 10 26 2 10 22 8 18 19 9 12 19 1 11 11 14 29 12 22 21 9 3 24 9 24 10 17 27 6 24 15 2 3 18 20 12 7 20 12 9 19 10 9 12 6 28 5 26 1 25 25 18 24 9 20 18 27 1 3 6 20 24 3 15 25 21 24 11 3 15 28 5 27 5 29 18 29 12 28 2 29 21 17 9 27 21 9 11 5 2 28 9 
