     Results                                                                                                                                               Time(s)   
p1  10355                                                                                                                                                 0.005409  
     1 1 1 1 1 1 1 1 1 1 
     6 8 9 3 10 10 6 7 4 3 7 4 5 1 7 5 6 1 4 10 8 7 4 6 7 10 6 8 1 4 4 9 3 2 4 8 10 4 7 5 6 8 9 9 2 8 1 3 5 7 
p2  9041                                                                                                                                                  0.003676  
     1 1 1 1 1 1 1 1 1 1 
     6 8 9 3 10 10 6 7 4 3 7 4 5 1 7 5 6 1 4 10 8 7 4 6 7 10 6 8 1 4 4 9 3 2 4 8 10 4 7 5 6 8 9 9 2 8 1 3 5 7 
p3  11041                                                                                                                                                 0.003474  
     1 1 1 1 1 1 1 1 1 1 
     6 8 9 3 10 10 6 7 4 3 7 4 5 1 7 5 6 1 4 10 8 7 4 6 7 10 6 8 1 4 4 9 3 2 4 8 10 4 7 5 6 8 9 9 2 8 1 3 5 7 
p4  13041                                                                                                                                                 0.003615  
     1 1 1 1 1 1 1 1 1 1 
     6 8 9 3 10 10 6 7 4 3 7 4 5 1 7 5 6 1 4 10 8 7 4 6 7 10 6 8 1 4 4 9 3 2 4 8 10 4 7 5 6 8 9 9 2 8 1 3 5 7 
p5  10827                                                                                                                                                 0.004269  
     1 1 1 1 1 1 1 1 1 1 
     6 8 9 3 10 10 6 7 4 3 7 4 5 1 7 5 6 1 4 10 8 7 4 6 7 10 6 8 1 4 4 9 3 2 7 8 10 4 7 5 1 8 9 9 2 8 1 3 5 9 
p6  9513                                                                                                                                                  0.003306  
     1 1 1 1 1 1 1 1 1 1 
     6 8 9 3 10 10 6 7 4 3 7 4 5 1 7 5 6 1 4 10 8 7 4 6 7 10 6 8 1 4 4 9 3 2 7 8 10 4 7 5 1 8 9 9 2 8 1 3 5 9 
p7  11513                                                                                                                                                 0.003644  
     1 1 1 1 1 1 1 1 1 1 
     6 8 9 3 10 10 6 7 4 3 7 4 5 1 7 5 6 1 4 10 8 7 4 6 7 10 6 8 1 4 4 9 3 2 7 8 10 4 7 5 1 8 9 9 2 8 1 3 5 9 
p8  13513                                                                                                                                                 0.003704  
     1 1 1 1 1 1 1 1 1 1 
     6 8 9 3 10 10 6 7 4 3 7 4 5 1 7 5 6 1 4 10 8 7 4 6 7 10 6 8 1 4 4 9 3 2 7 8 10 4 7 5 1 8 9 9 2 8 1 3 5 9 
p9  10355                                                                                                                                                 0.003747  
     1 1 1 1 1 1 1 1 1 1 
     6 8 9 3 10 10 6 7 4 3 7 4 5 1 7 5 6 1 4 10 8 7 4 6 7 10 6 8 1 4 4 9 3 2 4 8 10 4 7 5 6 8 9 9 2 8 1 3 5 7 
p10 9041                                                                                                                                                  0.003615  
     1 1 1 1 1 1 1 1 1 1 
     6 8 9 3 10 10 6 7 4 3 7 4 5 1 7 5 6 1 4 10 8 7 4 6 7 10 6 8 1 4 4 9 3 2 4 8 10 4 7 5 6 8 9 9 2 8 1 3 5 7 
p11 11041                                                                                                                                                 0.003845  
     1 1 1 1 1 1 1 1 1 1 
     6 8 9 3 10 10 6 7 4 3 7 4 5 1 7 5 6 1 4 10 8 7 4 6 7 10 6 8 1 4 4 9 3 2 4 8 10 4 7 5 6 8 9 9 2 8 1 3 5 7 
p12 13041                                                                                                                                                 0.004756  
     1 1 1 1 1 1 1 1 1 1 
     6 8 9 3 10 10 6 7 4 3 7 4 5 1 7 5 6 1 4 10 8 7 4 6 7 10 6 8 1 4 4 9 3 2 4 8 10 4 7 5 6 8 9 9 2 8 1 3 5 7 
p13 11915                                                                                                                                                 0.004515  
     1 1 0 1 1 1 1 1 1 1 0 1 1 1 1 1 1 1 1 1 
     1 7 2 19 8 15 13 12 6 5 19 6 9 7 13 14 5 1 13 2 16 17 5 10 20 4 16 8 6 7 2 1 18 5 1 9 1 7 12 2 1 7 17 20 5 6 13 15 14 9 
p14 9426                                                                                                                                                  0.004126  
     1 1 0 1 1 1 1 1 1 1 0 1 1 1 1 1 1 1 1 1 
     1 7 2 19 8 15 13 12 6 5 19 6 9 7 13 14 5 1 13 2 16 17 5 10 20 4 16 8 6 7 2 1 18 5 1 9 1 7 12 2 1 7 17 20 5 6 13 15 14 9 
p15 13026                                                                                                                                                 0.004895  
     1 1 0 1 1 1 1 1 1 1 0 1 1 1 1 1 1 1 1 1 
     1 7 2 19 8 15 13 12 6 5 19 6 9 7 13 14 5 1 13 2 16 17 5 10 20 4 16 8 6 7 2 1 18 5 1 9 1 7 12 2 1 7 17 20 5 6 13 15 14 9 
p16 16626                                                                                                                                                 0.006000  
     1 1 0 1 1 1 1 1 1 1 0 1 1 1 1 1 1 1 1 1 
     1 7 2 19 8 15 13 12 6 5 19 6 9 7 13 14 5 1 13 2 16 17 5 10 20 4 16 8 6 7 2 1 18 5 1 9 1 7 12 2 1 7 17 20 5 6 13 15 14 9 
p17 11915                                                                                                                                                 0.004499  
     1 1 0 1 1 1 1 1 1 1 0 1 1 1 1 1 1 1 1 1 
     1 7 2 19 8 15 13 12 6 5 19 6 9 7 13 14 5 1 13 2 16 17 5 10 20 4 16 8 6 7 2 1 18 5 1 9 1 7 12 2 1 7 17 20 5 6 13 15 14 9 
p18 9426                                                                                                                                                  0.004816  
     1 1 0 1 1 1 1 1 1 1 0 1 1 1 1 1 1 1 1 1 
     1 7 2 19 8 15 13 12 6 5 19 6 9 7 13 14 5 1 13 2 16 17 5 10 20 4 16 8 6 7 2 1 18 5 1 9 1 7 12 2 1 7 17 20 5 6 13 15 14 9 
p19 13026                                                                                                                                                 0.004181  
     1 1 0 1 1 1 1 1 1 1 0 1 1 1 1 1 1 1 1 1 
     1 7 2 19 8 15 13 12 6 5 19 6 9 7 13 14 5 1 13 2 16 17 5 10 20 4 16 8 6 7 2 1 18 5 1 9 1 7 12 2 1 7 17 20 5 6 13 15 14 9 
p20 16626                                                                                                                                                 0.004344  
     1 1 0 1 1 1 1 1 1 1 0 1 1 1 1 1 1 1 1 1 
     1 7 2 19 8 15 13 12 6 5 19 6 9 7 13 14 5 1 13 2 16 17 5 10 20 4 16 8 6 7 2 1 18 5 1 9 1 7 12 2 1 7 17 20 5 6 13 15 14 9 
p21 11915                                                                                                                                                 0.004465  
     1 1 0 1 1 1 1 1 1 1 0 1 1 1 1 1 1 1 1 1 
     1 7 2 19 8 15 13 12 6 5 19 6 9 7 13 14 5 1 13 2 16 17 5 10 20 4 16 8 6 7 2 1 18 5 1 9 1 7 12 2 1 7 17 20 5 6 13 15 14 9 
p22 9426                                                                                                                                                  0.003749  
     1 1 0 1 1 1 1 1 1 1 0 1 1 1 1 1 1 1 1 1 
     1 7 2 19 8 15 13 12 6 5 19 6 9 7 13 14 5 1 13 2 16 17 5 10 20 4 16 8 6 7 2 1 18 5 1 9 1 7 12 2 1 7 17 20 5 6 13 15 14 9 
p23 13026                                                                                                                                                 0.003998  
     1 1 0 1 1 1 1 1 1 1 0 1 1 1 1 1 1 1 1 1 
     1 7 2 19 8 15 13 12 6 5 19 6 9 7 13 14 5 1 13 2 16 17 5 10 20 4 16 8 6 7 2 1 18 5 1 9 1 7 12 2 1 7 17 20 5 6 13 15 14 9 
p24 16626                                                                                                                                                 0.003988  
     1 1 0 1 1 1 1 1 1 1 0 1 1 1 1 1 1 1 1 1 
     1 7 2 19 8 15 13 12 6 5 19 6 9 7 13 14 5 1 13 2 16 17 5 10 20 4 16 8 6 7 2 1 18 5 1 9 1 7 12 2 1 7 17 20 5 6 13 15 14 9 
p25 16655                                                                                                                                                 0.007610  
     0 1 0 1 1 1 1 1 1 1 1 1 1 1 0 1 0 1 1 1 1 1 1 1 1 1 1 1 0 0 
     22 11 8 4 21 9 14 19 22 2 27 14 25 22 6 24 14 9 8 6 22 28 9 8 6 23 21 9 6 7 5 14 12 10 5 22 28 9 8 6 12 20 16 11 5 8 21 9 6 8 23 14 9 8 14 22 28 9 4 12 23 14 9 8 10 5 18 23 10 4 9 23 19 22 5 11 13 9 8 8 12 14 11 11 5 22 28 25 12 6 5 14 9 10 5 27 14 25 22 6 5 18 18 10 4 23 21 9 26 6 11 21 9 6 8 23 28 9 26 6 28 21 9 6 13 23 21 9 14 27 11 14 9 26 14 22 19 9 26 26 9 14 19 11 5 23 21 9 16 26 
p26 14125                                                                                                                                                 0.007140  
     0 1 0 1 1 1 1 1 1 1 1 1 1 1 0 1 0 1 1 1 1 1 1 1 1 1 1 1 0 0 
     22 11 8 4 21 9 14 19 22 2 27 14 25 22 6 24 14 9 8 6 22 28 9 8 6 23 21 9 6 7 5 14 12 10 5 22 28 9 8 6 12 20 16 11 5 8 21 9 6 8 23 14 9 8 14 22 28 9 4 12 23 14 9 8 10 5 18 23 10 4 9 23 19 22 5 11 13 9 8 8 12 14 11 11 5 22 28 25 12 6 5 14 9 10 5 27 14 25 22 6 5 18 18 10 4 23 21 9 26 6 11 21 9 6 8 23 28 9 26 6 28 21 9 6 13 23 21 9 14 27 11 14 9 26 14 22 19 9 26 26 9 14 19 11 5 23 21 9 16 26 
p27 18925                                                                                                                                                 0.007090  
     0 1 0 1 1 1 1 1 1 1 1 1 1 1 0 1 0 1 1 1 1 1 1 1 1 1 1 1 0 0 
     22 11 8 4 21 9 14 19 22 2 27 14 25 22 6 24 14 9 8 6 22 28 9 8 6 23 21 9 6 7 5 14 12 10 5 22 28 9 8 6 12 20 16 11 5 8 21 9 6 8 23 14 9 8 14 22 28 9 4 12 23 14 9 8 10 5 18 23 10 4 9 23 19 22 5 11 13 9 8 8 12 14 11 11 5 22 28 25 12 6 5 14 9 10 5 27 14 25 22 6 5 18 18 10 4 23 21 9 26 6 11 21 9 6 8 23 28 9 26 6 28 21 9 6 13 23 21 9 14 27 11 14 9 26 14 22 19 9 26 26 9 14 19 11 5 23 21 9 16 26 
p28 23725                                                                                                                                                 0.007407  
     0 1 0 1 1 1 1 1 1 1 1 1 1 1 0 1 0 1 1 1 1 1 1 1 1 1 1 1 0 0 
     22 11 8 4 21 9 14 19 22 2 27 14 25 22 6 24 14 9 8 6 22 28 9 8 6 23 21 9 6 7 5 14 12 10 5 22 28 9 8 6 12 20 16 11 5 8 21 9 6 8 23 14 9 8 14 22 28 9 4 12 23 14 9 8 10 5 18 23 10 4 9 23 19 22 5 11 13 9 8 8 12 14 11 11 5 22 28 25 12 6 5 14 9 10 5 27 14 25 22 6 5 18 18 10 4 23 21 9 26 6 11 21 9 6 8 23 28 9 26 6 28 21 9 6 13 23 21 9 14 27 11 14 9 26 14 22 19 9 26 26 9 14 19 11 5 23 21 9 16 26 
p29 17487                                                                                                                                                 0.007173  
     0 1 0 1 1 1 1 1 1 1 1 1 1 1 0 1 1 1 1 1 1 1 1 1 1 1 1 1 0 1 
     22 11 8 4 21 9 14 19 22 2 27 14 25 22 6 24 14 9 8 6 22 28 9 8 6 23 21 9 6 7 5 14 12 10 5 22 28 9 8 6 12 20 16 11 5 8 21 9 6 8 23 14 9 8 14 22 28 9 4 12 23 14 9 8 10 5 18 23 10 4 9 23 19 22 5 11 13 9 8 8 12 14 11 11 5 22 28 25 12 6 5 14 9 10 5 27 14 25 22 6 5 18 18 10 4 23 21 9 26 6 11 21 9 6 8 23 28 9 8 6 28 21 17 6 13 23 21 4 14 27 11 14 17 8 14 22 19 4 26 26 12 20 19 11 5 23 21 30 16 26 
p30 14750                                                                                                                                                 0.007734  
     0 1 0 1 1 1 1 1 1 1 1 1 1 1 0 1 1 1 1 1 1 1 1 1 1 1 1 1 0 1 
     22 11 8 4 21 9 14 19 22 2 27 14 25 22 6 24 14 9 8 6 22 28 9 8 6 23 21 9 6 7 5 14 12 10 5 22 28 9 8 6 12 20 16 11 5 8 21 9 6 8 23 14 9 8 14 22 28 9 4 12 23 14 9 8 10 5 18 23 10 4 9 23 19 22 5 11 13 9 8 8 12 14 11 11 5 22 28 25 12 6 5 14 9 10 5 27 14 25 22 6 5 18 18 10 4 23 21 9 26 6 11 21 9 6 8 23 28 9 8 6 28 21 17 6 13 23 21 4 14 27 11 14 17 8 14 22 19 4 26 26 12 20 19 11 5 23 21 30 16 26 
p31 19950                                                                                                                                                 0.007618  
     0 1 0 1 1 1 1 1 1 1 1 1 1 1 0 1 1 1 1 1 1 1 1 1 1 1 1 1 0 1 
     22 11 8 4 21 9 14 19 22 2 27 14 25 22 6 24 14 9 8 6 22 28 9 8 6 23 21 9 6 7 5 14 12 10 5 22 28 9 8 6 12 20 16 11 5 8 21 9 6 8 23 14 9 8 14 22 28 9 4 12 23 14 9 8 10 5 18 23 10 4 9 23 19 22 5 11 13 9 8 8 12 14 11 11 5 22 28 25 12 6 5 14 9 10 5 27 14 25 22 6 5 18 18 10 4 23 21 9 26 6 11 21 9 6 8 23 28 9 8 6 28 21 17 6 13 23 21 4 14 27 11 14 17 8 14 22 19 4 26 26 12 20 19 11 5 23 21 30 16 26 
p32 25150                                                                                                                                                 0.007643  
     0 1 0 1 1 1 1 1 1 1 1 1 1 1 0 1 1 1 1 1 1 1 1 1 1 1 1 1 0 1 
     22 11 8 4 21 9 14 19 22 2 27 14 25 22 6 24 14 9 8 6 22 28 9 8 6 23 21 9 6 7 5 14 12 10 5 22 28 9 8 6 12 20 16 11 5 8 21 9 6 8 23 14 9 8 14 22 28 9 4 12 23 14 9 8 10 5 18 23 10 4 9 23 19 22 5 11 13 9 8 8 12 14 11 11 5 22 28 25 12 6 5 14 9 10 5 27 14 25 22 6 5 18 18 10 4 23 21 9 26 6 11 21 9 6 8 23 28 9 8 6 28 21 17 6 13 23 21 4 14 27 11 14 17 8 14 22 19 4 26 26 12 20 19 11 5 23 21 30 16 26 
p33 17013                                                                                                                                                 0.007133  
     0 1 0 1 1 1 1 1 1 1 1 1 1 1 0 1 0 1 1 1 1 1 1 1 1 1 1 1 0 1 
     22 11 8 4 21 9 14 19 22 2 27 14 25 22 6 24 14 9 8 6 22 28 9 8 6 23 21 9 6 7 5 14 12 10 5 22 28 9 8 6 12 20 16 11 5 8 21 9 6 8 23 14 9 8 14 22 28 9 4 12 23 14 9 8 10 5 18 23 10 4 9 23 19 22 5 11 13 9 8 8 12 14 11 11 5 22 28 25 12 6 5 14 9 10 5 27 14 25 22 6 5 18 18 10 4 23 21 9 26 6 11 21 9 6 8 23 28 9 8 6 28 21 9 6 13 23 21 9 14 27 11 14 9 8 8 22 19 9 26 26 9 14 19 11 5 23 21 30 16 26 
p34 14380                                                                                                                                                 0.007245  
     0 1 0 1 1 1 1 1 1 1 1 1 1 1 0 1 0 1 1 1 1 1 1 1 1 1 1 1 0 1 
     22 11 8 4 21 9 14 19 22 2 27 14 25 22 6 24 14 9 8 6 22 28 9 8 6 23 21 9 6 7 5 14 12 10 5 22 28 9 8 6 12 20 16 11 5 8 21 9 6 8 23 14 9 8 14 22 28 9 4 12 23 14 9 8 10 5 18 23 10 4 9 23 19 22 5 11 13 9 8 8 12 14 11 11 5 22 28 25 12 6 5 14 9 10 5 27 14 25 22 6 5 18 18 10 4 23 21 9 26 6 11 21 9 6 8 23 28 9 8 6 28 21 9 6 13 23 21 9 14 27 11 14 9 8 8 22 19 9 26 26 9 14 19 11 5 23 21 30 16 26 
p35 19380                                                                                                                                                 0.007419  
     0 1 0 1 1 1 1 1 1 1 1 1 1 1 0 1 0 1 1 1 1 1 1 1 1 1 1 1 0 1 
     22 11 8 4 21 9 14 19 22 2 27 14 25 22 6 24 14 9 8 6 22 28 9 8 6 23 21 9 6 7 5 14 12 10 5 22 28 9 8 6 12 20 16 11 5 8 21 9 6 8 23 14 9 8 14 22 28 9 4 12 23 14 9 8 10 5 18 23 10 4 9 23 19 22 5 11 13 9 8 8 12 14 11 11 5 22 28 25 12 6 5 14 9 10 5 27 14 25 22 6 5 18 18 10 4 23 21 9 26 6 11 21 9 6 8 23 28 9 8 6 28 21 9 6 13 23 21 9 14 27 11 14 9 8 8 22 19 9 26 26 9 14 19 11 5 23 21 30 16 26 
p36 24380                                                                                                                                                 0.007716  
     0 1 0 1 1 1 1 1 1 1 1 1 1 1 0 1 0 1 1 1 1 1 1 1 1 1 1 1 0 1 
     22 11 8 4 21 9 14 19 22 2 27 14 25 22 6 24 14 9 8 6 22 28 9 8 6 23 21 9 6 7 5 14 12 10 5 22 28 9 8 6 12 20 16 11 5 8 21 9 6 8 23 14 9 8 14 22 28 9 4 12 23 14 9 8 10 5 18 23 10 4 9 23 19 22 5 11 13 9 8 8 12 14 11 11 5 22 28 25 12 6 5 14 9 10 5 27 14 25 22 6 5 18 18 10 4 23 21 9 26 6 11 21 9 6 8 23 28 9 8 6 28 21 9 6 13 23 21 9 14 27 11 14 9 8 8 22 19 9 26 26 9 14 19 11 5 23 21 30 16 26 
p37 16597                                                                                                                                                 0.007225  
     0 1 0 1 1 1 1 1 1 1 1 1 1 1 0 1 0 1 1 1 1 1 1 1 1 1 1 1 0 0 
     22 11 8 4 21 9 14 19 22 2 27 14 25 22 6 24 14 9 8 6 22 28 9 8 6 23 21 9 6 7 5 14 12 10 5 22 28 9 8 6 12 20 16 11 5 8 21 9 6 8 23 14 9 8 14 22 28 9 4 12 23 14 9 8 10 5 18 23 10 4 9 23 19 22 5 11 13 9 8 8 12 14 11 11 5 22 28 25 12 6 5 14 9 10 5 27 14 25 22 6 5 18 18 10 4 23 21 9 26 6 11 21 9 6 8 23 28 9 8 6 28 21 9 6 13 23 21 9 14 27 11 14 9 8 8 22 19 9 26 26 9 14 19 11 5 23 21 9 16 26 
p38 14067                                                                                                                                                 0.007129  
     0 1 0 1 1 1 1 1 1 1 1 1 1 1 0 1 0 1 1 1 1 1 1 1 1 1 1 1 0 0 
     22 11 8 4 21 9 14 19 22 2 27 14 25 22 6 24 14 9 8 6 22 28 9 8 6 23 21 9 6 7 5 14 12 10 5 22 28 9 8 6 12 20 16 11 5 8 21 9 6 8 23 14 9 8 14 22 28 9 4 12 23 14 9 8 10 5 18 23 10 4 9 23 19 22 5 11 13 9 8 8 12 14 11 11 5 22 28 25 12 6 5 14 9 10 5 27 14 25 22 6 5 18 18 10 4 23 21 9 26 6 11 21 9 6 8 23 28 9 8 6 28 21 9 6 13 23 21 9 14 27 11 14 9 8 8 22 19 9 26 26 9 14 19 11 5 23 21 9 16 26 
p39 18867                                                                                                                                                 0.007171  
     0 1 0 1 1 1 1 1 1 1 1 1 1 1 0 1 0 1 1 1 1 1 1 1 1 1 1 1 0 0 
     22 11 8 4 21 9 14 19 22 2 27 14 25 22 6 24 14 9 8 6 22 28 9 8 6 23 21 9 6 7 5 14 12 10 5 22 28 9 8 6 12 20 16 11 5 8 21 9 6 8 23 14 9 8 14 22 28 9 4 12 23 14 9 8 10 5 18 23 10 4 9 23 19 22 5 11 13 9 8 8 12 14 11 11 5 22 28 25 12 6 5 14 9 10 5 27 14 25 22 6 5 18 18 10 4 23 21 9 26 6 11 21 9 6 8 23 28 9 8 6 28 21 9 6 13 23 21 9 14 27 11 14 9 8 8 22 19 9 26 26 9 14 19 11 5 23 21 9 16 26 
p40 23667                                                                                                                                                 0.007522  
     0 1 0 1 1 1 1 1 1 1 1 1 1 1 0 1 0 1 1 1 1 1 1 1 1 1 1 1 0 0 
     22 11 8 4 21 9 14 19 22 2 27 14 25 22 6 24 14 9 8 6 22 28 9 8 6 23 21 9 6 7 5 14 12 10 5 22 28 9 8 6 12 20 16 11 5 8 21 9 6 8 23 14 9 8 14 22 28 9 4 12 23 14 9 8 10 5 18 23 10 4 9 23 19 22 5 11 13 9 8 8 12 14 11 11 5 22 28 25 12 6 5 14 9 10 5 27 14 25 22 6 5 18 18 10 4 23 21 9 26 6 11 21 9 6 8 23 28 9 8 6 28 21 9 6 13 23 21 9 14 27 11 14 9 8 8 22 19 9 26 26 9 14 19 11 5 23 21 9 16 26 
p41 8853                                                                                                                                                  0.003863  
     1 1 1 1 1 1 1 1 1 1 
     3 9 9 2 7 9 5 4 1 4 10 2 9 10 2 3 3 7 5 3 1 6 1 7 7 8 2 8 8 10 5 4 8 4 5 1 3 1 8 2 10 1 10 3 1 1 1 6 2 6 8 4 10 1 4 10 1 8 9 2 6 9 7 5 7 6 6 8 6 4 6 1 9 9 10 1 7 8 4 10 4 6 5 6 6 8 5 6 7 7 
p42 10681                                                                                                                                                 0.004316  
     1 1 1 1 1 1 1 1 1 1 1 1 1 1 1 1 1 1 1 1 
     17 18 1 7 10 20 1 7 18 9 17 6 3 7 3 6 8 10 3 3 4 1 6 5 13 12 10 13 10 11 13 7 12 14 7 12 4 3 5 5 2 16 19 11 3 7 5 5 1 5 17 1 8 10 15 6 20 15 18 11 5 18 9 8 7 8 11 7 9 9 12 7 6 12 8 16 15 12 8 9 
p43 13592                                                                                                                                                 0.005409  
     1 1 1 1 1 1 1 1 1 1 1 1 1 1 1 1 1 1 1 1 1 1 1 1 1 1 1 1 0 1 
     21 22 19 23 17 22 19 13 16 11 10 24 21 5 28 25 30 17 2 7 11 14 23 20 11 23 30 10 15 12 23 14 9 16 6 18 9 23 27 26 15 9 15 24 12 15 7 14 18 8 21 16 3 8 2 4 4 14 15 1 27 12 7 27 13 8 23 19 17 24 
p44 12280                                                                                                                                                 0.004285  
     1 1 1 1 1 1 1 1 1 1 
     10 2 2 7 2 3 10 4 8 9 8 1 1 4 1 8 5 9 9 8 9 1 5 5 8 6 5 1 2 8 5 9 4 4 3 6 4 2 2 8 1 3 2 1 10 6 2 2 7 8 10 1 4 10 9 3 3 7 7 1 6 8 7 10 10 3 7 7 8 1 4 1 9 8 8 7 6 6 8 6 5 6 8 8 7 5 5 3 3 4 
p45 12949                                                                                                                                                 0.004455  
     1 1 1 1 1 1 1 1 1 1 1 1 1 1 1 1 1 1 1 1 
     4 19 16 3 9 20 5 10 19 1 1 2 18 1 2 6 18 7 3 8 1 13 17 18 15 20 18 3 8 1 8 20 18 1 11 17 19 1 19 2 8 1 19 10 18 9 3 17 18 8 4 8 9 1 12 13 18 15 17 15 10 20 18 3 2 15 6 18 18 15 13 14 10 20 15 11 2 19 16 11 
p46 14215                                                                                                                                                 0.006952  
     1 1 1 1 1 1 1 1 1 1 1 1 1 1 1 0 1 1 1 1 1 1 0 1 1 1 1 1 1 1 
     6 5 19 20 12 9 15 18 7 1 3 10 14 8 25 8 7 8 3 20 13 30 3 14 15 30 5 14 8 12 10 29 18 29 27 8 13 2 29 7 28 8 9 17 4 22 11 1 3 21 13 20 24 4 25 14 26 15 7 25 5 29 25 30 22 6 30 13 25 11 
p47 14162                                                                                                                                                 0.007548  
     1 1 1 1 1 1 1 1 1 1 
     3 9 1 9 2 10 8 10 8 10 4 7 2 7 10 8 10 9 9 10 2 9 7 10 8 10 1 9 8 8 1 7 3 2 8 1 9 8 2 10 1 7 1 8 1 4 8 8 6 8 1 1 2 1 4 8 2 7 2 5 7 8 8 1 8 3 6 8 5 6 3 8 4 8 3 7 4 6 8 8 8 3 3 3 7 4 6 7 7 6 
p48 13543                                                                                                                                                 0.006590  
     1 1 1 1 1 1 1 0 0 1 1 1 1 1 1 1 0 0 1 1 
     4 1 13 1 7 1 13 1 13 2 2 1 14 4 2 1 16 1 2 1 20 2 2 1 19 6 15 12 19 10 15 12 16 13 2 12 19 19 14 12 16 12 6 4 16 12 5 12 16 12 11 12 16 13 13 12 4 12 19 3 4 13 19 5 4 13 10 6 4 14 10 11 3 4 10 14 3 4 10 16 
p49 13675                                                                                                                                                 0.005463  
     1 1 1 1 1 1 0 1 0 0 1 0 1 1 1 1 1 1 0 1 1 1 1 1 0 1 1 1 1 1 
     1 23 13 2 26 6 13 11 23 21 2 30 2 13 14 4 28 1 3 13 1 23 6 27 4 30 16 8 28 1 24 11 2 24 8 29 5 3 20 2 29 1 28 15 24 26 13 18 8 28 21 1 29 4 29 15 3 28 1 24 11 4 22 4 30 5 24 17 3 28 
p50 10231                                                                                                                                                 0.004365  
     1 1 1 1 1 1 1 1 1 1 
     4 2 1 10 1 6 9 3 9 2 6 3 7 7 2 3 1 3 9 2 6 8 7 7 5 10 9 6 3 6 1 10 7 3 10 1 9 6 1 6 3 2 8 10 10 3 9 6 1 6 7 8 7 6 6 2 9 6 8 6 2 3 1 10 1 3 8 3 9 2 1 8 7 1 8 2 3 6 8 6 6 8 7 10 5 2 8 6 8 6 6 3 7 7 4 3 8 3 9 8 
p51 10853                                                                                                                                                 0.005389  
     1 1 1 1 0 1 1 1 1 1 1 1 1 1 1 1 1 1 0 1 
     2 20 13 14 12 10 7 12 9 10 7 7 12 9 8 12 8 13 20 9 6 7 13 9 9 7 16 12 9 8 2 20 17 13 12 1 7 12 9 8 7 7 12 9 8 1 7 12 10 8 4 20 16 13 12 6 8 18 16 16 6 7 20 1 4 6 17 20 1 11 12 20 15 20 12 1 13 11 10 1 8 7 20 1 3 1 8 10 16 1 6 17 20 1 12 3 14 10 18 1 
p52 15543                                                                                                                                                 0.004038  
     1 1 1 1 1 1 1 1 1 1 
     9 10 4 9 9 3 5 10 10 1 2 10 4 9 1 4 7 10 1 2 6 2 4 9 6 5 8 10 10 8 6 3 4 7 7 3 5 4 2 8 6 4 4 9 7 3 5 3 2 8 6 8 4 3 8 6 3 1 5 5 3 2 4 7 4 4 1 1 1 3 8 4 4 7 6 5 8 3 8 8 6 8 4 3 9 6 6 4 3 1 6 8 8 3 1 6 7 6 5 5 
p53 14438                                                                                                                                                 0.004786  
     1 1 1 1 1 1 0 1 1 1 1 1 1 1 1 1 0 1 1 1 
     20 4 13 5 10 9 4 12 14 10 20 4 16 2 15 20 4 12 14 10 9 4 12 5 10 6 19 6 8 20 14 4 13 9 18 14 4 13 5 10 20 4 16 20 12 20 10 16 2 15 12 4 13 9 18 20 4 16 20 11 20 1 9 6 3 20 4 9 6 3 2 19 14 20 1 20 4 16 3 5 2 19 15 8 20 20 19 14 11 13 3 19 2 1 1 14 4 13 5 2 
p54 15941                                                                                                                                                 0.004180  
     1 1 1 1 1 1 1 1 1 1 
     5 10 1 10 1 5 5 7 10 1 10 10 4 10 3 2 7 5 10 1 10 1 3 6 3 2 7 5 9 1 5 1 4 6 9 2 7 5 9 1 5 1 3 4 3 2 5 5 6 1 5 1 1 4 3 5 7 4 9 8 5 7 4 1 3 5 8 2 9 8 3 3 3 4 3 2 7 5 9 9 5 7 4 4 3 9 7 5 9 8 5 4 3 4 3 5 7 5 9 6 
p55 14585                                                                                                                                                 0.005006  
     1 0 1 1 1 1 1 1 1 1 1 1 0 1 1 1 1 0 1 1 
     20 20 9 7 10 20 1 3 7 10 10 3 3 15 10 20 1 3 5 10 5 3 3 15 11 5 3 3 5 9 20 4 12 7 10 20 20 15 8 10 14 3 3 15 19 20 20 1 17 10 20 20 1 8 10 20 20 1 1 11 20 7 3 7 11 20 20 3 5 6 20 4 12 7 11 5 3 3 5 3 3 3 3 15 11 1 3 7 15 16 1 1 7 15 16 20 20 1 9 11 
p56 28184                                                                                                                                                 0.009169  
     1 1 1 1 1 1 1 1 1 1 1 1 1 1 1 1 1 1 1 1 1 1 1 1 1 1 1 1 1 1 
     20 21 2 16 10 4 9 4 7 26 10 5 11 15 10 3 8 17 17 21 17 17 5 20 18 9 8 1 4 17 5 6 8 4 3 17 8 25 25 11 2 13 13 2 4 23 13 6 23 20 18 15 25 5 18 5 6 6 15 16 18 28 14 26 16 22 6 15 10 11 19 4 3 9 1 16 17 12 4 15 6 26 12 24 21 6 16 3 25 16 10 30 1 28 30 18 21 30 12 4 7 10 20 12 28 8 2 24 14 10 26 2 30 22 8 18 19 9 12 19 1 11 11 14 29 16 22 21 9 3 24 13 13 10 17 27 6 24 15 2 3 18 20 12 7 20 12 9 19 10 9 12 6 23 5 26 1 25 13 18 24 9 20 18 27 1 3 6 30 24 3 15 25 21 24 11 3 15 28 5 27 5 29 23 29 16 30 2 29 30 17 9 27 21 9 11 5 2 28 9 
p57 37184                                                                                                                                                 0.012727  
     1 1 1 1 1 1 1 1 1 1 1 1 1 1 1 1 1 1 1 1 1 1 1 1 1 1 1 1 1 1 
     20 21 2 16 10 4 9 4 7 26 10 5 11 15 10 3 8 17 17 21 17 17 5 20 18 9 8 1 4 17 5 6 8 4 3 17 8 25 25 11 2 13 13 2 4 23 13 6 23 20 18 15 25 5 18 5 6 6 15 16 18 28 14 26 16 22 6 15 10 11 19 4 3 9 1 16 17 12 4 15 6 26 12 24 21 6 16 3 25 16 10 30 1 28 30 18 21 30 12 4 7 10 20 12 28 8 2 24 14 10 26 2 30 22 8 18 19 9 12 19 1 11 11 14 29 16 22 21 9 3 24 13 13 10 17 27 6 24 15 2 3 18 20 12 7 20 12 9 19 10 9 12 6 23 5 26 1 25 13 18 24 9 20 18 27 1 3 6 30 24 3 15 25 21 24 11 3 15 28 5 27 5 29 23 29 16 30 2 29 30 17 9 27 21 9 11 5 2 28 9 
p58 58184                                                                                                                                                 0.030987  
     1 1 1 1 1 1 1 1 1 1 1 1 1 1 1 1 1 1 1 1 1 1 1 1 1 1 1 1 1 1 
     20 21 2 16 10 4 9 4 7 26 10 5 11 15 10 3 8 17 17 21 17 17 5 20 18 9 8 1 4 17 5 6 8 4 3 17 8 25 25 11 2 13 13 2 4 23 13 6 23 20 18 15 25 5 18 5 6 6 15 16 18 28 14 26 16 22 6 15 10 11 19 4 3 9 1 16 17 12 4 15 6 26 12 24 21 6 16 3 25 16 10 30 1 28 30 18 21 30 12 4 7 10 20 12 28 8 2 24 14 10 26 2 30 22 8 18 19 9 12 19 1 11 11 14 29 16 22 21 9 3 24 13 13 10 17 27 6 24 15 2 3 18 20 12 7 20 12 9 19 10 9 12 6 23 5 26 1 25 13 18 24 9 20 18 27 1 3 6 30 24 3 15 25 21 24 11 3 15 28 5 27 5 29 23 29 16 30 2 29 30 17 9 27 21 9 11 5 2 28 9 
p59 43423                                                                                                                                                 0.027436  
     1 1 1 1 1 1 1 1 1 1 1 1 1 1 1 1 1 1 1 1 1 1 1 1 1 1 1 1 1 1 
     20 21 2 16 10 4 9 4 7 26 10 5 11 15 10 3 8 17 17 21 17 17 5 20 18 9 8 1 4 17 5 6 8 4 3 17 8 25 25 11 2 13 13 2 4 23 13 6 23 20 18 15 25 5 18 5 6 6 15 16 18 28 14 26 16 22 6 15 10 11 19 4 3 9 1 16 17 12 4 15 6 26 12 24 21 6 16 3 25 16 10 30 1 28 30 18 21 30 12 4 7 10 20 12 28 8 2 24 14 10 26 2 30 22 8 18 19 9 12 19 1 11 11 14 29 16 22 21 9 3 24 13 13 10 17 27 6 24 15 2 3 18 20 12 7 20 12 9 19 10 9 12 6 23 5 26 1 25 13 18 24 9 20 18 27 1 3 6 30 24 3 15 25 21 24 11 3 15 28 5 27 5 29 23 29 16 30 2 29 30 17 9 27 21 9 11 5 2 28 9 
p60 28184                                                                                                                                                 0.025296  
     1 1 1 1 1 1 1 1 1 1 1 1 1 1 1 1 1 1 1 1 1 1 1 1 1 1 1 1 1 1 
     20 21 2 16 10 4 9 4 7 26 10 5 11 15 10 3 8 17 17 21 17 17 5 20 18 9 8 1 4 17 5 6 8 4 3 17 8 25 25 11 2 13 13 2 4 23 13 6 23 20 18 15 25 5 18 5 6 6 15 16 18 28 14 26 16 22 6 15 10 11 19 4 3 9 1 16 17 12 4 15 6 26 12 24 21 6 16 3 25 16 10 30 1 28 30 18 21 30 12 4 7 10 20 12 28 8 2 24 14 10 26 2 30 22 8 18 19 9 12 19 1 11 11 14 29 16 22 21 9 3 24 13 13 10 17 27 6 24 15 2 3 18 20 12 7 20 12 9 19 10 9 12 6 23 5 26 1 25 13 18 24 9 20 18 27 1 3 6 30 24 3 15 25 21 24 11 3 15 28 5 27 5 29 23 29 16 30 2 29 30 17 9 27 21 9 11 5 2 28 9 
p61 37184                                                                                                                                                 0.019040  
     1 1 1 1 1 1 1 1 1 1 1 1 1 1 1 1 1 1 1 1 1 1 1 1 1 1 1 1 1 1 
     20 21 2 16 10 4 9 4 7 26 10 5 11 15 10 3 8 17 17 21 17 17 5 20 18 9 8 1 4 17 5 6 8 4 3 17 8 25 25 11 2 13 13 2 4 23 13 6 23 20 18 15 25 5 18 5 6 6 15 16 18 28 14 26 16 22 6 15 10 11 19 4 3 9 1 16 17 12 4 15 6 26 12 24 21 6 16 3 25 16 10 30 1 28 30 18 21 30 12 4 7 10 20 12 28 8 2 24 14 10 26 2 30 22 8 18 19 9 12 19 1 11 11 14 29 16 22 21 9 3 24 13 13 10 17 27 6 24 15 2 3 18 20 12 7 20 12 9 19 10 9 12 6 23 5 26 1 25 13 18 24 9 20 18 27 1 3 6 30 24 3 15 25 21 24 11 3 15 28 5 27 5 29 23 29 16 30 2 29 30 17 9 27 21 9 11 5 2 28 9 
p62 58184                                                                                                                                                 0.018514  
     1 1 1 1 1 1 1 1 1 1 1 1 1 1 1 1 1 1 1 1 1 1 1 1 1 1 1 1 1 1 
     20 21 2 16 10 4 9 4 7 26 10 5 11 15 10 3 8 17 17 21 17 17 5 20 18 9 8 1 4 17 5 6 8 4 3 17 8 25 25 11 2 13 13 2 4 23 13 6 23 20 18 15 25 5 18 5 6 6 15 16 18 28 14 26 16 22 6 15 10 11 19 4 3 9 1 16 17 12 4 15 6 26 12 24 21 6 16 3 25 16 10 30 1 28 30 18 21 30 12 4 7 10 20 12 28 8 2 24 14 10 26 2 30 22 8 18 19 9 12 19 1 11 11 14 29 16 22 21 9 3 24 13 13 10 17 27 6 24 15 2 3 18 20 12 7 20 12 9 19 10 9 12 6 23 5 26 1 25 13 18 24 9 20 18 27 1 3 6 30 24 3 15 25 21 24 11 3 15 28 5 27 5 29 23 29 16 30 2 29 30 17 9 27 21 9 11 5 2 28 9 
p63 43423                                                                                                                                                 0.018792  
     1 1 1 1 1 1 1 1 1 1 1 1 1 1 1 1 1 1 1 1 1 1 1 1 1 1 1 1 1 1 
     20 21 2 16 10 4 9 4 7 26 10 5 11 15 10 3 8 17 17 21 17 17 5 20 18 9 8 1 4 17 5 6 8 4 3 17 8 25 25 11 2 13 13 2 4 23 13 6 23 20 18 15 25 5 18 5 6 6 15 16 18 28 14 26 16 22 6 15 10 11 19 4 3 9 1 16 17 12 4 15 6 26 12 24 21 6 16 3 25 16 10 30 1 28 30 18 21 30 12 4 7 10 20 12 28 8 2 24 14 10 26 2 30 22 8 18 19 9 12 19 1 11 11 14 29 16 22 21 9 3 24 13 13 10 17 27 6 24 15 2 3 18 20 12 7 20 12 9 19 10 9 12 6 23 5 26 1 25 13 18 24 9 20 18 27 1 3 6 30 24 3 15 25 21 24 11 3 15 28 5 27 5 29 23 29 16 30 2 29 30 17 9 27 21 9 11 5 2 28 9 
p64 28184                                                                                                                                                 0.009251  
     1 1 1 1 1 1 1 1 1 1 1 1 1 1 1 1 1 1 1 1 1 1 1 1 1 1 1 1 1 1 
     20 21 2 16 10 4 9 4 7 26 10 5 11 15 10 3 8 17 17 21 17 17 5 20 18 9 8 1 4 17 5 6 8 4 3 17 8 25 25 11 2 13 13 2 4 23 13 6 23 20 18 15 25 5 18 5 6 6 15 16 18 28 14 26 16 22 6 15 10 11 19 4 3 9 1 16 17 12 4 15 6 26 12 24 21 6 16 3 25 16 10 30 1 28 30 18 21 30 12 4 7 10 20 12 28 8 2 24 14 10 26 2 30 22 8 18 19 9 12 19 1 11 11 14 29 16 22 21 9 3 24 13 13 10 17 27 6 24 15 2 3 18 20 12 7 20 12 9 19 10 9 12 6 23 5 26 1 25 13 18 24 9 20 18 27 1 3 6 30 24 3 15 25 21 24 11 3 15 28 5 27 5 29 23 29 16 30 2 29 30 17 9 27 21 9 11 5 2 28 9 
p65 37184                                                                                                                                                 0.010503  
     1 1 1 1 1 1 1 1 1 1 1 1 1 1 1 1 1 1 1 1 1 1 1 1 1 1 1 1 1 1 
     20 21 2 16 10 4 9 4 7 26 10 5 11 15 10 3 8 17 17 21 17 17 5 20 18 9 8 1 4 17 5 6 8 4 3 17 8 25 25 11 2 13 13 2 4 23 13 6 23 20 18 15 25 5 18 5 6 6 15 16 18 28 14 26 16 22 6 15 10 11 19 4 3 9 1 16 17 12 4 15 6 26 12 24 21 6 16 3 25 16 10 30 1 28 30 18 21 30 12 4 7 10 20 12 28 8 2 24 14 10 26 2 30 22 8 18 19 9 12 19 1 11 11 14 29 16 22 21 9 3 24 13 13 10 17 27 6 24 15 2 3 18 20 12 7 20 12 9 19 10 9 12 6 23 5 26 1 25 13 18 24 9 20 18 27 1 3 6 30 24 3 15 25 21 24 11 3 15 28 5 27 5 29 23 29 16 30 2 29 30 17 9 27 21 9 11 5 2 28 9 
p66 58184                                                                                                                                                 0.013317  
     1 1 1 1 1 1 1 1 1 1 1 1 1 1 1 1 1 1 1 1 1 1 1 1 1 1 1 1 1 1 
     20 21 2 16 10 4 9 4 7 26 10 5 11 15 10 3 8 17 17 21 17 17 5 20 18 9 8 1 4 17 5 6 8 4 3 17 8 25 25 11 2 13 13 2 4 23 13 6 23 20 18 15 25 5 18 5 6 6 15 16 18 28 14 26 16 22 6 15 10 11 19 4 3 9 1 16 17 12 4 15 6 26 12 24 21 6 16 3 25 16 10 30 1 28 30 18 21 30 12 4 7 10 20 12 28 8 2 24 14 10 26 2 30 22 8 18 19 9 12 19 1 11 11 14 29 16 22 21 9 3 24 13 13 10 17 27 6 24 15 2 3 18 20 12 7 20 12 9 19 10 9 12 6 23 5 26 1 25 13 18 24 9 20 18 27 1 3 6 30 24 3 15 25 21 24 11 3 15 28 5 27 5 29 23 29 16 30 2 29 30 17 9 27 21 9 11 5 2 28 9 
p68 28184                                                                                                                                                 0.023201  
     1 1 1 1 1 1 1 1 1 1 1 1 1 1 1 1 1 1 1 1 1 1 1 1 1 1 1 1 1 1 
     20 21 2 16 10 4 9 4 7 26 10 5 11 15 10 3 8 17 17 21 17 17 5 20 18 9 8 1 4 17 5 6 8 4 3 17 8 25 25 11 2 13 13 2 4 23 13 6 23 20 18 15 25 5 18 5 6 6 15 16 18 28 14 26 16 22 6 15 10 11 19 4 3 9 1 16 17 12 4 15 6 26 12 24 21 6 16 3 25 16 10 30 1 28 30 18 21 30 12 4 7 10 20 12 28 8 2 24 14 10 26 2 30 22 8 18 19 9 12 19 1 11 11 14 29 16 22 21 9 3 24 13 13 10 17 27 6 24 15 2 3 18 20 12 7 20 12 9 19 10 9 12 6 23 5 26 1 25 13 18 24 9 20 18 27 1 3 6 30 24 3 15 25 21 24 11 3 15 28 5 27 5 29 23 29 16 30 2 29 30 17 9 27 21 9 11 5 2 28 9 
p69 37184                                                                                                                                                 0.019263  
     1 1 1 1 1 1 1 1 1 1 1 1 1 1 1 1 1 1 1 1 1 1 1 1 1 1 1 1 1 1 
     20 21 2 16 10 4 9 4 7 26 10 5 11 15 10 3 8 17 17 21 17 17 5 20 18 9 8 1 4 17 5 6 8 4 3 17 8 25 25 11 2 13 13 2 4 23 13 6 23 20 18 15 25 5 18 5 6 6 15 16 18 28 14 26 16 22 6 15 10 11 19 4 3 9 1 16 17 12 4 15 6 26 12 24 21 6 16 3 25 16 10 30 1 28 30 18 21 30 12 4 7 10 20 12 28 8 2 24 14 10 26 2 30 22 8 18 19 9 12 19 1 11 11 14 29 16 22 21 9 3 24 13 13 10 17 27 6 24 15 2 3 18 20 12 7 20 12 9 19 10 9 12 6 23 5 26 1 25 13 18 24 9 20 18 27 1 3 6 30 24 3 15 25 21 24 11 3 15 28 5 27 5 29 23 29 16 30 2 29 30 17 9 27 21 9 11 5 2 28 9 
p70 58184                                                                                                                                                 0.017309  
     1 1 1 1 1 1 1 1 1 1 1 1 1 1 1 1 1 1 1 1 1 1 1 1 1 1 1 1 1 1 
     20 21 2 16 10 4 9 4 7 26 10 5 11 15 10 3 8 17 17 21 17 17 5 20 18 9 8 1 4 17 5 6 8 4 3 17 8 25 25 11 2 13 13 2 4 23 13 6 23 20 18 15 25 5 18 5 6 6 15 16 18 28 14 26 16 22 6 15 10 11 19 4 3 9 1 16 17 12 4 15 6 26 12 24 21 6 16 3 25 16 10 30 1 28 30 18 21 30 12 4 7 10 20 12 28 8 2 24 14 10 26 2 30 22 8 18 19 9 12 19 1 11 11 14 29 16 22 21 9 3 24 13 13 10 17 27 6 24 15 2 3 18 20 12 7 20 12 9 19 10 9 12 6 23 5 26 1 25 13 18 24 9 20 18 27 1 3 6 30 24 3 15 25 21 24 11 3 15 28 5 27 5 29 23 29 16 30 2 29 30 17 9 27 21 9 11 5 2 28 9 
p71 43423                                                                                                                                                 0.017376  
     1 1 1 1 1 1 1 1 1 1 1 1 1 1 1 1 1 1 1 1 1 1 1 1 1 1 1 1 1 1 
     20 21 2 16 10 4 9 4 7 26 10 5 11 15 10 3 8 17 17 21 17 17 5 20 18 9 8 1 4 17 5 6 8 4 3 17 8 25 25 11 2 13 13 2 4 23 13 6 23 20 18 15 25 5 18 5 6 6 15 16 18 28 14 26 16 22 6 15 10 11 19 4 3 9 1 16 17 12 4 15 6 26 12 24 21 6 16 3 25 16 10 30 1 28 30 18 21 30 12 4 7 10 20 12 28 8 2 24 14 10 26 2 30 22 8 18 19 9 12 19 1 11 11 14 29 16 22 21 9 3 24 13 13 10 17 27 6 24 15 2 3 18 20 12 7 20 12 9 19 10 9 12 6 23 5 26 1 25 13 18 24 9 20 18 27 1 3 6 30 24 3 15 25 21 24 11 3 15 28 5 27 5 29 23 29 16 30 2 29 30 17 9 27 21 9 11 5 2 28 9 
